187.427659621 69.5812433006
188.614797412 71.4599067575
182.082121622 62.9668753774
189.364653845 71.6704593536
182.228271228 62.7939021479
187.650251772 69.8116116424
188.026050212 71.7824215012
188.415472985 71.9384740593
181.872713625 63.6384484933
187.117406962 70.1549953776
188.263276671 72.1952854882
181.959839701 63.559247026
187.225698333 70.3808585921
181.935698259 63.650249403
186.944539947 70.6844364555
188.001055831 72.6664525479
181.727217451 64.1852322911
186.99393189 70.902373317
188.379373125 72.9185936947
181.689892697 64.3200076833
191.05504615 65.3498964464
187.855631476 70.9472887602
188.504328245 73.1753702482
181.667260454 64.4732225914
187.420242527 71.343218086
181.858338556 63.9709041977
186.00842814 71.8683530773
188.325333283 73.7208157521
181.235974318 65.5969987908
185.959195944 72.1692887103
186.820829888 72.2339062054
187.772998614 74.015358518
188.182046028 62.3885357016
181.477165588 64.9594107703
185.80839657 72.4513423317
181.209109267 65.6365485521
186.794989551 72.4991428837
180.897911693 66.6059436473
186.496978601 72.903684032
188.375440489 74.8695785331
180.683225717 67.2035520711
186.906827224 73.113122573
181.573616715 64.1844740153
181.10602688 65.8838646109
186.343534756 73.485277975
180.307885716 68.4856424772
185.770454727 73.8573932807
180.501749906 67.8858224013
184.969969024 74.3336164737
187.859623354 63.8961068951
192.054079604 67.0731510347
180.28650509 68.5644452438
184.985245795 74.6126285215
180.082116893 69.3120472858
185.521135901 74.8814822997
186.197858474 75.1281995748
180.029306021 69.5026050301
187.424083082 64.9761042612
185.115706283 75.2717908776
179.933015872 69.7917576054
184.805564748 75.6369512508
179.794972955 70.3470789442
185.051214149 75.9188210655
179.809519032 70.3380244946
184.911555516 76.3194129365
179.756449798 70.7998118883
184.992226884 76.6613742836
185.397082176 76.9709967502
188.573457437 65.0311933453
187.093240545 66.7330522572
184.871222607 77.4298192285
192.127771765 69.2274898479
185.284763459 77.6805501444
190.042430156 70.8570185381
182.606078001 78.0224895391
188.393800551 67.8351989403
187.58156653 67.5127123771
186.810633017 69.0925498543
187.406514073 68.0661893679
188.345722022 67.3427110887
188.103714699 68.0861651363
192.25754303 71.7774486837
188.862335174 67.1802439286
186.837467664 70.9895870172
192.678042363 72.0323786043
191.245657935 73.2965234282
187.849906083 68.6420866721
186.649959965 70.9264302139
187.281413118 70.4730297144
187.149398977 72.1269248859
187.815922002 69.8796946065
187.054317411 72.5576365439
188.761870615 68.6951327963
192.74524006 73.6024991229
191.645096463 74.5836517981
192.229003168 74.5011090851
188.29029278 69.8508493528
186.968838561 73.6075770763
192.708930572 74.7353740503
187.248589155 73.5743024125
192.554981555 75.0828498948
187.297526779 73.6204919934
191.335300161 76.2518812441
191.86923781 76.1655149392
187.349838118 74.0195855443
189.433040013 80.04282572
190.813326253 79.9751364357
190.280411204 80.5456577169
188.13082044 81.9948821214
193.435852845 76.7293120911
189.042563771 81.8498914386
193.314442909 77.1489089868
190.055709431 81.7061735697
190.545167798 81.7762095095
191.522709153 81.6933888215
193.27676115 77.7782852286
193.45854161 81.1342489354
189.936095865 83.0991011222
191.514122321 79.8757783744
190.699591731 83.1463835114
193.244972627 78.9144762576
192.323097953 82.761681588
190.169769294 84.1277004281
186.93866811 74.6226131884
191.275644676 83.6270625017
191.716792212 83.8236986645
192.608867146 79.9800987758
190.311549767 84.4841664876
191.433015837 84.3794563521
189.164667308 85.4621704616
189.443685757 85.6519839046
190.14073841 85.7144979397
188.489613766 86.4354963842
192.736079588 81.1383890719
190.991965701 85.7103274311
188.93043709 86.9272354286
193.552987218 81.0251915062
188.300358835 87.6539111477
193.234745924 81.5682964059
187.565114008 88.3434125486
192.357509659 82.530660471
187.962227711 88.5400438586
197.944661075 86.8791048857
188.337719931 88.8707285763
189.009702457 88.9840761393
187.949257226 89.8339146802
183.21144002 76.674407818
187.542032215 90.4038516528
187.47887452 90.8877584628
187.568402547 91.2850822786
186.972142692 91.9523419712
186.531524867 92.4217283051
192.939239511 85.3296997919
187.696263799 92.625183159
186.687121674 93.3438266224
186.809429466 93.7986616208
186.237544908 94.4503482602
193.749648488 86.3597365478
186.046077743 94.9584525906
193.48224048 86.9830091752
185.805021403 95.4735360454
192.99657637 87.7812618507
185.643547764 96.0280806119
194.296206879 87.2070574664
185.696905156 96.5451765808
194.076030672 87.8206456275
193.314318981 88.7920390357
193.507177406 89.1092562731
191.602785736 86.5634903658
193.600922437 89.4974784958
193.712835427 89.8980504516
193.000029657 90.7732512215
192.886886209 91.3083618689
192.909240552 91.6924955681
191.701844217 92.8701010019
192.108387449 93.0539032563
191.33632886 93.5590760915
192.205118822 93.4689727148
191.970044803 94.030146637
191.295354879 94.9203942389
191.545616301 95.1159210451
190.66374787 96.0691734759
191.065580315 96.3102703942
191.328104911 96.6804156315
190.689877665 97.4088310944
191.051092924 97.7436654293
190.351327564 98.5520297632
188.60621821 88.7241036568
190.82735933 98.7681791228
190.314399694 99.3700177795
189.900428014 100.216773635
189.467198538 100.92967777
188.640230516 89.6575649541
189.573729281 101.213672482
189.100925123 101.903639763
188.533387863 90.2871210154
189.050710795 102.384767628
188.309160609 91.183943323
189.006938556 102.835020923
188.574098867 90.6228857342
188.650719305 103.401735178
184.361114859 95.4744323612
188.752078496 103.780441291
188.20913676 92.1103811357
188.100280072 104.470106863
187.979142558 92.7580771259
184.118920781 97.4555984901
188.091875545 104.841036147
188.289286221 92.2393729408
188.265098604 105.239581185
187.896536205 93.5859621791
188.081889678 105.727145248
188.364875088 92.3793813578
188.055632724 106.150842873
188.154555639 93.0284186671
187.891825286 106.584115303
187.929618991 94.0752731676
187.647141877 107.126792979
187.777170887 94.472551068
187.574224989 107.631544499
187.563065609 95.1418780646
187.429222361 108.094532546
187.826088687 94.6832751591
187.414825786 108.495576486
187.606414163 95.2206328925
187.211925016 109.248362207
187.590802057 95.5940080643
187.096636189 109.707637931
187.358249132 96.4514331552
186.430648739 98.8079370805
187.023181679 110.22183099
186.720463378 110.740812065
192.890491221 111.449875796
187.16211021 111.24785367
186.581677446 98.8565523755
195.065443065 103.848929977
191.346418209 111.45994228
189.028671202 99.5196818603
195.388985679 104.005522218
191.220532016 111.863701068
188.868735603 100.1620782
195.403409654 104.324056683
194.512328943 105.275692233
185.839467035 101.096438363
194.973168308 106.263997519
195.049205075 106.530131205
194.329634527 107.371862429
194.229508221 107.809219496
188.140432821 103.328093058
193.729075743 108.553233983
193.431057365 109.510256826
193.94044265 109.600418996
193.11584521 110.550049456
192.935226603 110.906020676
193.675079467 109.604590856
194.078303793 110.667766985
196.45811653 107.883217556
194.232913383 109.550105872
193.087344467 111.614647471
188.510518145 101.183525829
193.596970054 111.730753311
192.85963179 112.637148754
192.524900082 113.201313786
197.172163599 108.596062576
193.536639813 112.636103587
192.195824119 113.787732966
196.40024116 109.838885995
191.442557691 106.749586983
192.254767041 114.082519884
194.266414708 111.302847561
196.299372249 110.244069779
192.091989226 114.539678764
192.363582133 114.845721506
196.1621081 111.122380779
192.476398456 115.110908772
192.661931892 108.033015717
191.708453667 115.874778887
197.573147396 110.873076489
191.796943622 116.250654928
193.284896874 107.548467827
197.017043962 111.595351962
192.679408239 108.769576688
191.957929967 116.555069366
191.907260965 107.009071494
191.942961417 116.882308353
192.097851371 109.86061696
197.207292635 111.700828617
191.774033564 117.363282645
192.188542224 117.626697036
196.339038958 113.068723341
197.143074011 112.862004087
193.362530773 115.492035741
191.651059248 118.241453588
197.997369749 112.675782328
191.961645731 118.555495368
193.899102451 115.537394551
192.014854499 118.922056653
197.408709929 113.469924512
193.406582758 116.214334324
191.865367863 119.401890526
197.178589518 113.96233337
193.044663837 116.81448384
196.631875256 114.675639534
191.310556035 119.970314663
198.636770944 113.741801378
191.165956901 120.473559816
198.182947454 114.459948289
191.086534198 120.953300586
191.271250423 121.328597083
198.700976944 114.471460808
198.320028331 115.141033469
190.810146191 121.937141166
195.346773845 117.496894649
197.453552275 116.039039222
190.610190261 122.365802386
193.018369027 112.840327858
190.52560279 122.767274491
195.815316185 117.805517977
192.486025369 114.097420421
190.557142353 123.23100922
190.961991789 123.559734928
192.36597565 114.615860323
197.448829226 117.112948793
194.38756632 119.133411635
194.362233788 119.509776763
190.489512601 124.119720625
196.967494723 118.158304033
194.382256528 119.826454805
190.359213658 124.546679791
194.132502899 121.376284764
198.525115791 117.523913878
190.34401433 125.000172048
198.440536099 118.02309616
189.903822922 125.630639652
193.324609237 121.96799424
194.803402987 120.684164031
198.168309689 118.559193307
197.236159472 119.140174795
189.846782445 126.054079097
194.196881641 121.614499419
196.91073421 119.684907216
189.757994179 126.48681931
193.979411384 122.197494247
198.519042373 127.271591179
197.83096396 119.554324354
196.795988673 120.182220469
193.870510787 122.605533035
197.525335026 120.199968091
196.433388692 120.778803381
193.776798715 123.108490063
196.744383142 121.105016218
193.725323868 123.469547765
194.983736192 113.61961468
197.752977724 120.840338695
196.879257491 121.394050552
193.808408062 123.917439295
197.690027867 121.328035054
194.98767806 114.091368395
199.116641483 120.443264025
193.939344955 124.304256507
194.998820363 114.488190848
199.126715273 120.929869901
197.592657577 121.887411437
193.322724399 125.014745311
197.803870406 122.179419964
199.706745137 121.043769713
193.668000198 125.243016586
198.482439446 122.193091318
193.3266536 125.773946389
197.539788933 123.08226023
199.128329317 122.159131636
193.605517469 125.840176964
198.815500955 122.636091403
193.522113781 126.414624656
197.043530279 124.203460473
196.670424829 122.980194685
193.017234307 119.577941431
193.51588696 126.781476869
198.081577672 123.994288731
193.067663439 119.975731349
197.379638347 124.843693405
193.133393293 120.307347016
193.443290278 127.734833629
196.379158377 125.891806614
197.210702811 125.397154486
193.229705693 120.58633605
193.347748894 128.069627107
195.127115924 116.865542356
196.125886488 126.425603531
193.475149889 120.576024941
193.270470464 128.540597747
197.039954585 126.267266498
193.784398482 120.398920208
192.963805259 129.235311267
195.984338829 127.351044187
200.687803268 132.467591743
193.979702756 120.530214778
192.934205482 129.611733149
200.334284346 123.227523777
195.624987133 127.982208386
200.254051819 132.744952033
193.87779559 121.198678132
198.549663108 124.835075338
195.042760293 118.190154229
196.391206936 127.98004265
194.203997601 120.943952096
192.875978191 130.44145634
198.937644648 124.91056252
195.475963892 128.880963634
194.834152507 118.94862534
199.612966079 133.328881643
194.543964865 120.765171044
194.810924851 119.360451785
195.677679569 129.17216643
199.751817689 133.628454173
194.760447111 120.6073126
195.448387937 118.6274638
195.801973107 129.614214971
194.752957421 119.907205205
199.446014523 133.969948277
195.220334908 119.309215139
196.099059649 129.8066307
194.348394738 122.223103667
194.997413114 119.903681648
196.714362924 129.917981532
195.806043617 130.313111486
195.666681055 130.854894176
194.490110143 123.018075348
195.449002086 119.649676515
195.497728682 131.376449217
194.760857964 122.887449675
195.144857629 132.015195862
194.601147079 123.790231493
194.708944204 132.530516056
194.891605947 123.599988741
195.404909469 120.606248571
199.771786746 127.839261845
194.867595432 132.955427363
197.240500515 129.959772521
194.382517026 133.601653161
202.9943264 136.55694806
199.883948115 128.547560705
194.65456691 133.977975473
198.827174337 129.599940922
194.78586789 134.345961676
193.93389021 124.433630076
194.66542423 134.826643346
194.122496223 135.512010881
194.165380614 135.831581359
193.775362466 136.413263918
195.177480845 126.630339278
200.704457402 130.319067668
193.844953238 136.83770734
201.053134631 130.552537788
193.499744245 137.434346086
193.414839873 137.844984646
193.544815949 138.298800791
193.393705625 138.68306819
193.124663375 139.1589964
201.334868322 132.259600356
193.07564123 139.656085708
200.646132229 133.153510276
201.722569425 132.476302027
193.079863768 140.199296315
202.036386839 132.607683193
199.925072092 134.273049754
200.376575034 134.416446462
201.162408683 134.333965374
202.338506948 134.045817548
201.110879307 135.086064032
200.090598632 136.052254393
198.064283996 137.795023529
201.463204665 135.607019173
201.453499036 136.04274407
201.164012848 137.040277617
201.171670065 137.407109428
201.013483052 137.939854977
191.475617505 134.627532685
204.051988491 137.163253291
202.626165606 138.235550758
201.900887803 139.022357756
200.542053831 140.133102938
201.792823082 139.47042385
200.874751103 140.329497332
199.96489609 141.304159772
200.049596557 141.583204278
199.998980352 142.087865396
199.507361289 142.719069119
199.076478438 143.337056457
199.340596112 143.666248619
200.511461509 143.400054553
192.420921687 138.636697764
200.355822954 143.859541272
192.867911572 138.750932639
199.243249954 144.922707215
192.614855409 139.200303795
200.916993552 144.549389022
199.774084285 145.434321918
194.609738638 137.536843386
192.737229944 140.030932342
198.834594519 146.28877525
192.759522695 139.972985937
192.537714047 141.265442718
198.599989202 146.823682356
199.184408937 146.991035983
194.051536633 139.600776344
199.045167162 147.39618688
199.093190753 147.886948917
198.449621925 148.466209894
198.045666992 149.162301332
198.203430511 149.542960148
194.113773284 137.24249058
198.14057758 149.932143244
197.805735549 150.451089008
197.668592543 150.941728776
197.498933037 151.389440146
193.261500668 144.751479914
204.896508703 144.9746455
197.529770424 151.789005278
197.499022398 152.2722135
197.010711068 152.79531384
204.615082482 146.416391596
196.928338108 153.26794998
205.849550487 146.003579074
197.052390563 153.680131558
204.419020529 154.181349153
205.66788198 146.519448938
196.849800243 154.183388647
196.929825253 154.6120878
196.465003639 155.163381296
196.454363585 155.610019917
204.768748575 148.644031336
206.498659691 156.439478243
204.012832799 156.656488581
204.856053965 149.297534586
204.404760336 149.917843691
205.357753103 149.652300948
203.446674034 151.23661812
206.278551371 149.463878872
206.584685114 149.661603335
206.057702859 150.332056918
205.836877907 150.808279333
202.709246001 153.03386552
201.587616618 154.013025356
201.377158865 154.544677033
203.206475153 153.475768268
201.847932328 154.634639518
201.940133853 154.936482432
206.034604503 150.758687635
201.906659854 155.368996741
202.339961131 155.530946214
202.663686802 147.70032779
205.447494643 151.598423415
203.517892769 154.827093569
205.843889878 151.542863719
202.261569644 155.909039863
202.391604511 156.253976094
201.976036959 149.869459168
203.185857302 156.206105478
202.154068728 157.128893173
204.374060092 156.010177115
205.336370031 153.519143912
202.057382275 157.555929954
198.681038438 156.290029999
205.177755799 154.033101302
202.569150283 157.770153754
201.359999233 151.796814336
200.351552143 146.26005534
201.053580023 152.550604322
205.458348416 156.80849583
203.562792025 158.102554949
201.5543631 159.428169993
201.92114933 159.651392445
202.436195536 151.696828509
201.315645922 160.339210829
202.369914614 152.160185866
198.353453172 161.573960684
203.585090523 150.758913684
201.418847645 160.674247005
202.771241096 151.921432004
201.254113026 161.118850145
202.823461903 152.166857802
200.721851953 147.977959686
201.505500788 161.458917463
202.561626389 153.345336584
201.381631854 161.975520441
200.757430544 162.692175982
202.549766263 153.703256407
202.781556618 153.671368624
200.662431123 163.05019632
202.926991154 153.758520329
200.361306536 163.520188664
203.131657226 153.923406316
200.063638791 164.117956965
203.385232133 154.001283994
200.132370205 164.560611076
200.630540691 164.87216828
204.779274653 154.347793488
203.521991237 154.18848835
199.646063143 165.103294123
204.821689229 154.802441805
203.450342247 154.773871718
200.09286554 165.550734262
200.6948213 152.499437819
203.988543716 156.091334745
203.597644493 154.805264721
200.089710005 165.893709788
200.503025345 153.381797631
204.697594017 155.580930536
203.247369245 155.671984125
200.003956504 166.345107949
204.669331478 156.033796484
203.384626705 155.881614893
200.468107168 166.755381586
204.585409066 156.481780876
199.900374185 167.241441287
201.56585791 151.5805524
203.457559543 156.140724346
207.409182419 160.810999443
205.132303263 156.201343659
199.847322357 167.698816763
203.922906027 155.841113501
200.692281568 153.681343476
209.383127409 165.308076471
206.981641044 161.462524535
204.852882028 156.958077617
203.785320562 156.47330304
212.05468685 168.478959223
199.537151804 168.21007477
203.915602697 156.622006379
199.745790187 168.634558152
203.940440507 156.938700004
211.446865305 169.093182616
203.592242983 157.804344135
213.571092459 169.539677412
203.887360982 157.690713518
206.019829033 163.617690836
215.047131239 169.981171046
201.416963079 166.232268115
201.801000782 153.756792381
205.723079648 157.847257362
203.749284559 158.279450119
197.953675627 153.210367272
197.360525952 155.202188678
205.246221725 158.736153909
203.84380384 158.418390217
209.879470161 170.66324922
197.898145561 153.50315401
200.808261699 156.389465622
205.576737793 158.781211389
204.135059725 158.425578394
201.411535929 155.250666358
206.440179552 164.59282953
198.132370795 152.420511787
202.624157633 166.683689215
205.458911788 159.249369695
204.156099476 158.634622707
207.422928844 164.38816649
198.131070878 153.103032836
202.580286331 167.045858799
205.384079527 159.777265063
204.141799883 159.080603607
201.51597666 155.884159537
197.605084834 157.55491212
205.521214944 160.056853297
204.575216521 158.853683498
208.541512875 164.817631834
201.507874194 156.360143149
204.667820428 166.832602756
209.987474522 169.794344279
208.496930161 165.175658512
205.553182264 160.411591004
204.073532275 159.919017916
200.808818422 158.667351957
204.284314689 159.999711068
200.855102089 159.012372635
207.599239106 166.579832711
204.487687091 160.110905189
201.5614109 157.637873008
208.120305852 166.719853416
204.055283927 161.094477607
202.112266615 156.564937604
207.225188642 167.507951027
202.029607016 157.052451061
203.848443531 161.698448249
201.293799243 159.141275964
203.19213043 169.510440726
204.001094995 161.921637132
208.00127061 168.013542008
207.149038697 168.443092281
202.472503458 156.644183787
204.505016556 161.405510294
204.460424239 161.801394342
207.850813183 168.518098289
208.329754485 168.778484519
202.116545735 158.075959114
205.283203305 160.867399937
209.664655143 168.166357254
205.727435366 169.920882472
202.400274874 157.737929065
205.053196335 161.58148001
211.190191403 167.864678228
202.393596793 158.078286557
206.563301333 163.085395833
204.731856138 162.377032552
202.115965093 159.384634635
207.257902941 170.612937469
205.230426459 162.035227038
204.623795865 163.409942828
207.886019734 170.741532455
202.548616504 158.69933775
205.646455749 161.720231979
204.758888216 163.548706112
205.659596372 162.181639765
202.662779034 158.775491042
207.600180976 171.334016979
207.12359771 164.081701723
204.666389867 163.835151798
208.947275336 171.223687204
204.501428222 164.518141144
202.553368241 159.687798323
206.340719583 172.81562728
207.308332564 172.476834036
206.166207013 173.310564227
204.655960495 164.664424587
205.159173184 163.644635924
202.495477938 160.455413827
207.120451021 172.946904386
202.110297228 161.105908489
204.458706924 165.209265287
208.34590432 173.030045658
204.398407711 165.715334172
202.241051668 161.012835985
206.659966843 174.076851452
204.565090351 165.937034808
202.359088096 160.742190975
210.481056619 178.205399181
205.261450662 175.073615383
201.993800143 162.417480918
204.281139187 166.404792917
207.47579201 174.728199947
203.576712816 167.970617692
206.193713507 175.654871488
202.65109042 162.173986707
203.509269346 168.525918489
206.384694359 176.106961367
205.853387176 176.684192072
204.167971135 167.583720787
204.16197279 168.088151734
207.209945395 176.779479457
203.28683304 169.765278947
205.520368374 177.818577905
203.387466041 169.841870316
205.675065425 178.253554473
202.925877361 171.108335422
204.502779102 179.051538971
207.265568129 168.089593453
202.965289211 171.227700413
204.943884441 179.333810931
201.912662326 165.039872678
206.736111864 166.975132455
202.80919993 171.919653268
204.740148087 179.917127107
201.817894576 165.530895937
206.144702323 168.310962988
202.98435968 171.68790514
204.849143208 180.330863095
201.725100083 166.033135423
202.657474451 172.794855518
204.937747052 180.846852228
204.000120676 181.033443046
201.656480165 166.869539431
202.5846728 173.198437234
205.16461043 181.314363519
204.436339445 181.845322707
201.678864546 166.753915755
205.90676997 169.712142835
202.785055031 173.067867875
201.622368488 167.390115312
207.267407131 170.3837092
202.465656666 173.976205171
204.411467489 182.351170019
201.508486818 167.995895228
205.950968563 169.524064043
207.729463273 170.198724242
202.453532942 174.233257929
204.49545921 182.856999429
201.438661655 168.296895591
202.261738181 174.829560239
205.637880652 170.604759066
204.15773944 183.505769193
201.509345447 168.034606268
205.55631753 171.725925492
202.258609427 175.213018385
201.420572935 168.856980687
206.117318561 170.811089241
210.112722418 178.832206578
202.183465512 175.51987895
206.260209899 170.68343121
202.018160932 176.131478376
206.507033289 173.938742186
206.101285856 171.215198494
201.885277401 176.604554836
207.049763112 173.612016311
205.719770244 172.420564341
201.6752284 177.390540352
203.232824269 167.574432157
206.988474566 174.13122533
205.578156662 173.0909976
201.620109069 177.779755243
211.28028954 180.342270589
208.213427725 172.707286648
205.650489407 173.298356289
201.551732144 178.144118264
211.833986579 180.443459032
201.494084919 178.461723189
205.622959065 173.710428708
205.469046656 174.044721601
209.105706071 173.190599365
201.250299318 179.041831308
211.571208923 181.554390963
209.197844141 173.510555971
201.34567839 178.682093919
205.105069914 175.44643554
201.096341345 179.617457885
205.316313167 174.945866678
201.38536506 176.483166819
213.125337856 181.537993627
205.061424175 176.123703398
201.081393914 179.884780676
205.01650647 175.701061339
206.331577497 177.395039668
210.752894789 182.806107807
200.96713429 180.544984558
205.01664892 176.11474939
203.934428433 168.288457322
209.16608782 174.546081245
206.403677889 174.280893748
211.594857723 182.919755786
205.031563855 176.19026449
209.128724872 175.285621985
209.735997416 184.533035513
209.845659008 184.978827533
208.494485503 176.543697664
206.897127916 178.062897793
206.362511552 175.389984923
204.640011413 177.903214489
208.510650698 176.901446297
211.003961988 184.986459378
209.635074438 185.947017416
207.454219789 178.034256268
209.146379132 176.299011626
211.203543407 185.364755387
204.552293489 178.499084341
206.878046881 179.376282048
208.669640236 177.292464096
209.762117025 186.410208673
204.310775389 179.469162722
207.435072503 175.34047855
209.351329932 176.418294218
209.330735756 187.075257543
204.378797165 179.298624698
208.750013397 177.882135067
209.287485334 187.502206161
212.179129992 186.565608012
204.230596575 180.031136131
209.098879653 177.655393132
207.753391506 175.467548386
211.207591328 187.359568341
204.183295391 180.418053464
209.557348423 177.342891937
207.379538718 176.439848006
210.425947034 188.073130698
204.00507054 181.350337916
209.769941447 177.59076853
208.153807207 180.152749409
207.108207497 177.618664466
212.471011955 188.071270677
203.871617752 181.890694979
209.003033335 179.069816739
211.309977664 188.859714955
203.803392828 182.256614492
208.359502559 180.412267655
211.109077896 189.37355922
203.749820945 182.776279241
208.602465122 180.404246746
206.888293521 179.384392219
209.39014355 190.329189339
203.510881567 183.550375832
207.920774809 181.867890748
209.417621992 190.822062657
203.439114579 184.017813258
208.072871969 182.043551161
209.635099861 191.252867446
203.308335663 184.691348264
205.635228082 183.871507158
207.566295919 183.171057559
207.565775368 179.007221668
209.65658498 191.690082425
203.329353388 184.84700894
208.357487362 182.390298944
209.553102525 192.25363624
203.280825502 185.283365698
208.274261926 183.017280394
209.024505154 192.867682398
203.208465225 185.781557346
208.253615813 183.411033457
209.051543092 193.305034415
207.945485078 184.325586108
209.151303946 193.794026698
210.284541398 181.092282429
207.428082206 185.698383981
208.874615943 194.367463413
216.891210282 188.044040125
208.486310811 184.417375274
208.60750563 194.918415817
208.594619713 184.667146433
208.62252676 195.506456503
207.948337567 186.189163369
207.843973337 186.841640035
207.543621094 187.998160122
208.668902584 181.915475719
207.628514762 188.120675368
210.013971037 187.139543254
207.790299295 188.330895284
209.253599325 181.132278113
217.191423372 191.201363232
208.437204117 187.584725324
207.893006574 188.70088788
208.652886536 182.978271128
209.26655391 182.157014464
207.448443485 189.627432861
207.959887245 185.100107953
209.485490707 181.985914535
207.157646727 190.463245152
208.556101807 184.076478341
210.278509817 186.300756727
209.118681829 183.430826712
207.766361549 189.756708181
204.756820611 185.095376138
209.731942723 187.744614795
207.814707811 190.020102097
208.521960032 185.342331175
204.859638452 185.827545623
208.002050923 190.010550292
209.857403306 187.892948313
208.520631089 185.677760954
205.035389788 185.003834092
210.592843471 187.137910335
207.796309261 190.590967928
208.671530214 185.793922578
205.384600691 184.866552713
209.37799924 190.962569358
207.760062548 191.018702201
208.833476769 185.864476087
207.805846354 191.320931012
210.526626022 187.853682079
209.09804803 185.625978795
207.296011793 192.613096195
207.738256701 191.517524609
209.536002746 191.777712361
209.397784236 185.512629818
211.417398696 187.165911101
207.490825538 192.318054694
210.70958786 187.948879784
209.076890949 192.791057088
211.475488704 187.320230002
208.493134807 189.678718626
208.762206595 193.532299312
211.350210493 187.867241595
208.110813674 190.505552136
208.877840365 193.767884316
210.296900899 189.464176425
209.768437898 193.200944535
211.112907385 188.810565173
208.085726987 191.177971592
208.613018371 194.487666616
211.644198977 188.323699268
207.23504709 193.64288819
208.514890945 194.870389426
211.527673744 188.556670666
206.942915854 194.698531334
208.378680772 195.602815966
206.847854279 195.557583894
211.186397166 189.746479031
208.221450483 196.07710858
209.224361164 195.33085534
206.548898244 196.295927204
211.108512543 190.055374581
208.809430864 193.945824386
209.923849128 195.269282581
206.486739922 196.625246718
210.244391895 192.209364658
215.925091342 200.150231191
210.812856866 190.755132247
208.012455 197.070293505
208.974421737 196.417562594
208.813877601 193.218278416
210.50174717 194.724180343
212.454439683 193.991625998
211.489677436 189.999545121
216.547213671 200.494408384
206.359635899 196.993709306
213.23904227 201.320845828
208.850503428 196.827067791
206.243435872 197.706007492
210.111418067 186.740723202
209.136848313 194.989698002
216.279165321 200.933863335
208.798538129 197.239067366
207.920014992 197.840362451
209.746149324 188.287334429
211.181739313 191.224823538
206.089594195 198.26425693
216.711712973 201.334646385
211.688082821 189.489440343
207.840777362 198.191893066
208.807793274 193.977122596
209.657137324 197.039433322
208.636102221 197.714478356
210.017653625 193.643804866
212.369878658 195.130400297
209.446113177 189.656068517
211.061794685 191.664918642
206.087618515 198.409056839
217.469191714 201.556870086
207.67459007 198.682507182
208.586017688 198.160425806
212.453057798 195.385003942
212.217559672 190.326822893
209.658665196 189.233698897
209.475796378 197.831283832
207.495280757 199.302180146
208.450717928 198.594392333
209.610178438 188.932125583
210.888056331 192.522941588
209.235258797 198.606696848
208.560046259 197.68812905
207.429803655 199.76553992
208.405270011 199.029071713
212.517583435 195.890128058
211.247172327 192.12823272
217.755372235 202.81252217
207.166520478 200.428232114
208.092132223 199.798451377
208.910883323 196.689257556
208.941321838 199.217696511
210.984138844 192.824299733
209.123801128 191.050731538
216.787153242 203.444303495
206.985405702 201.115571435
207.904213071 200.437500819
208.7304052 197.45735578
208.836000752 199.68805585
211.519450507 197.807951047
209.094028013 191.523635456
211.11196656 192.621543649
218.260286087 203.636807476
207.852591039 200.70269124
206.886675715 201.530025862
208.785165283 200.042106271
208.762900134 193.15589048
206.717729101 202.284241388
207.747208719 201.218858904
211.059694706 199.047456503
208.653865433 199.356011392
209.109489283 191.691255807
217.060694143 204.698886449
217.164137923 207.110184282
207.553152729 201.785203005
208.419007727 201.248347803
208.687550228 199.399002943
208.921649785 192.99064598
211.420334198 192.51418728
216.830601327 205.146411546
207.471397378 202.042211952
208.350329642 201.585063752
208.486714827 200.055294536
210.609327871 200.164308545
217.19069132 205.476335719
207.374573512 202.50008322
210.372547404 200.932288622
216.940353019 205.969870289
207.160058338 203.330037929
208.056744159 202.63688788
221.65721832 208.373858815
216.602501725 206.41411027
207.030667796 203.95838923
208.041997586 202.996381441
210.554715992 201.221470476
209.585865818 193.180690612
216.891164756 206.876295334
207.772019113 203.626148407
210.120870963 202.141768294
221.013738213 202.304780009
216.57035723 207.373504122
207.619608066 204.308131052
210.309202956 202.102477936
211.430025554 199.792150535
221.786801364 202.377799476
216.213153613 207.863407392
207.471981227 204.868142996
210.578696337 201.813195616
216.740147783 208.240848479
207.332553486 205.16109013
216.3682182 208.53938244
209.707176437 203.777981754
216.594759636 209.004909027
209.593346223 204.273056814
222.196845595 203.561427525
215.871310093 209.463334622
209.491532525 204.750684148
209.226640887 200.019304388
215.92825361 209.904082973
209.441175109 205.063463837
209.217736455 199.994625645
216.035273389 210.312382435
209.182338575 205.579839307
216.130125647 210.746267711
209.015810993 206.038504392
215.589823874 211.085607593
208.960946391 206.323933405
215.952290743 211.53578355
208.830938605 206.833609241
221.795348571 207.391887133
215.6587466 211.97067792
220.15179277 208.088392916
215.846814694 212.253912864
219.907506125 208.673879312
222.122941906 208.357561899
221.585527262 208.624146792
217.4466864 202.934793204
222.325388054 208.962734271
222.629582588 208.983291654
211.904999729 200.786839622
222.170957679 209.442643227
211.561470007 201.64898164
221.148686934 209.975703997
222.166331815 208.241439798
223.579561397 209.808790701
219.072626846 209.938415216
221.913221439 208.813248503
223.209411324 210.23144403
210.705437846 203.037446857
216.391760766 205.413087205
223.130938559 210.158329476
223.165759494 210.395528165
220.309756411 209.998279088
210.300526336 203.857879276
222.119416742 209.336216322
222.174052364 211.15529153
211.051897581 208.606758467
220.827656769 210.067509888
213.471004311 209.566808093
210.698196961 209.278866856
221.73925564 211.710985037
222.022801375 209.850055434
210.399895841 209.769547501
221.200635627 210.599800028
222.02879228 210.240774393
222.073727356 212.159655311
221.361965526 210.759144198
221.428158901 210.930680342
214.99659265 208.378912441
220.737498075 211.476600088
216.046260195 206.429030615
221.734776339 211.045801326
214.517469711 208.999772717
220.176345455 212.121327507
213.865742922 210.124175446
221.279406123 211.615786227
217.937683382 220.01429762
219.989876764 212.473550115
219.832022655 220.29533958
220.549274618 212.213870111
221.671989788 220.720183142
218.713950126 213.549608063
220.478688703 214.195587695
218.488787077 213.772017539
214.221122015 209.117423625
218.921604744 213.566471269
219.771991754 213.136583357
217.774551825 214.585771562
214.21661889 214.767298465
218.579103051 214.021249571
218.302639281 214.315174688
217.491334943 215.018079639
217.821477551 214.82773408
217.814444387 214.921140937
215.515797604 213.187516162
217.0812854 215.472711523
214.017255114 207.536794166
216.556800123 216.017084024
217.236810113 215.50492772
216.538165833 216.08186382
212.538234238 210.739269366
215.660257176 216.867665769
216.619761278 215.993072707
215.690042246 216.838548567
213.412323954 219.01744454
215.912865255 216.677192972
215.127339294 217.388588447
216.118194104 216.375333
214.51987363 213.754468946
214.914157237 217.583544686
215.956355398 216.51949744
215.021141802 212.458689169
214.851338638 217.691039951
214.652224881 212.874300418
214.941184661 217.567051731
214.659881847 217.747423021
214.782497095 217.578968796
211.874037617 208.049764015
210.100921166 211.374538947
214.346924389 212.591361148
213.863487365 218.466013371
213.85024714 218.480371183
213.423695025 218.985853006
220.03626917 219.79977818
213.319798786 218.884409689
215.617543456 219.157673494
214.180806004 212.902428587
212.576393031 219.732390061
214.408732345 220.312080886
214.33070256 211.996265456
215.4554965 219.240712438
212.179991031 220.155277962
219.797933515 220.009422158
214.201428976 220.475758737
212.647240351 219.295215517
214.497504703 220.017643115
211.7906459 220.458011475
212.309057775 214.375775102
212.676949211 221.953120322
211.278429109 221.000441448
213.356157837 221.003750411
214.094519911 219.676734243
210.785311107 221.356447075
211.847339634 213.478843137
213.165320385 221.096333815
213.663912367 220.177589598
210.175573027 222.150110555
212.986425969 221.143332177
218.505924075 220.719413935
209.827532648 222.362206255
213.610256065 219.908186898
210.062144336 217.147057902
211.395289565 212.365480921
212.581099034 221.454020198
209.735622074 222.05078927
209.252621453 222.768899562
211.820553883 222.248739744
210.540302262 213.698766653
209.644037817 216.902592427
218.601059161 228.166966937
208.795826261 223.297682488
211.662962866 222.126445493
209.452128839 214.796726899
211.289038962 222.411123766
208.242382135 223.790368838
210.451062463 223.41663343
207.944321716 223.817157406
207.467909771 224.602578662
209.99153126 223.882022375
210.628684999 222.270774789
209.008841503 225.135895768
210.739725429 222.70753242
216.182887202 221.988010486
210.490553883 224.209606561
207.053817851 224.818944631
209.301753045 224.316617753
206.6889304 225.102503193
206.229793262 225.582518914
214.726080844 223.064003223
208.658710757 225.116575984
216.033165572 232.077504108
215.578877552 222.117390125
205.937033722 226.17126332
209.408529876 225.00604845
208.147934976 225.587005478
214.492888611 223.009384586
211.490311095 222.338639007
207.651094163 226.113147062
207.434858675 226.094360551
213.642307704 223.628867196
208.88312475 225.123162089
207.063007765 226.306041225
208.664529506 224.913843794
212.928445177 224.176499123
214.833614365 221.730195612
213.416353952 223.298637576
206.649166569 226.576138587
206.874716582 227.403200291
212.790339806 223.84204161
213.926363817 222.073495677
212.74102576 223.605577067
205.744380165 227.368092889
212.335574699 223.813496761
205.342940701 227.66644414
206.49039012 227.204636488
204.855539048 228.031180753
211.530689013 224.021575007
210.921471476 224.97265426
211.74720074 223.315868399
210.999606878 224.608403692
211.084492246 223.785626964
209.85275352 225.733904949
209.608796071 225.612351681
209.11904084 225.967087466
208.746137466 226.112738194
208.585246787 225.871395916
208.146399747 226.755190173
208.086835188 226.14994817
207.640545779 227.000432473
208.18629669 225.56954171
207.308134248 226.440571468
207.081048412 226.298396873
204.640648769 223.182472407
206.47479621 227.697535092
206.658376359 226.311820683
206.118611903 227.653693439
205.881079134 227.314814972
203.720803375 223.604618797
205.35308362 227.721386385
203.168230528 224.200637676
205.98633653 225.282842997
204.709049384 229.235215948
205.164209765 227.334472128
204.787526052 228.360520942
204.490417275 228.095853004
204.302327634 227.749137212
203.79431336 228.937848672
203.478731591 228.904095145
202.842028801 229.5755881
202.647962773 229.321747245
202.037296751 230.040880806
201.60507642 230.565874153
201.198991253 230.713187376
205.390786267 229.77980259
200.804780601 230.893733614
200.916888298 226.594344971
