ODOMETRY 0.0 0.143265487822 0
SENSOR 0 10.8630895039 0.421459554429
SENSOR 0 11.6299235187 0.607298401699
SENSOR 0 11.0831424425 -0.374159738571
ODOMETRY 0.00491482912405 0.198829071873 0
SENSOR 0 12.3313739919 0.615468849953
SENSOR 0 11.4582022583 -0.38054135825
SENSOR 0 11.0250235337 0.42950806391
SENSOR 0 10.9886995797 0.61201054241
ODOMETRY -0.00830464592226 0.154434451925 0
SENSOR 0 11.341525515 0.616083642556
SENSOR 0 10.6636169667 -0.384139091296
SENSOR 0 10.4268803949 0.431235649318
ODOMETRY -0.00549445271056 0.212132034936 0
SENSOR 0 11.1375905758 0.618562244812
SENSOR 0 10.9378939455 -0.392481757778
SENSOR 0 10.4795620816 0.434672902703
ODOMETRY -0.0022573282893 0.162889532458 0
SENSOR 0 10.9725584854 -0.400168838933
SENSOR 0 10.1334386559 0.439315991622
ODOMETRY 0.00775177988436 0.195616972743 0
SENSOR 0 10.7850189096 0.626334099436
SENSOR 0 10.5542785052 -0.407680208732
SENSOR 0 10.1322056847 0.442062061083
ODOMETRY 0.0101888747918 0.200192407947 0
SENSOR 0 11.1145980351 0.634427548576
SENSOR 0 10.5766690878 -0.416890787212
SENSOR 0 16.2107628134 0.168118077968
SENSOR 0 10.9618568621 0.44989577381
ODOMETRY -0.00173837061142 0.206891275542 0
SENSOR 0 11.1908591879 0.639951552439
SENSOR 0 10.594280088 -0.424486880639
SENSOR 0 10.4484262542 0.455174966561
ODOMETRY -0.0175169224656 0.182123584545 0
SENSOR 0 11.276925035 -0.436887725116
SENSOR 0 8.95540485316 0.448980207411
ODOMETRY 0.00906641800437 0.216208233167 0
SENSOR 0 10.911423883 0.652157017399
SENSOR 0 9.71253792593 -0.442568015402
SENSOR 0 8.83817502516 0.455768717505
ODOMETRY -0.00306881738983 0.221551347761 0
SENSOR 0 9.66189161794 0.463218642861
SENSOR 0 10.3059140002 0.655375845453
SENSOR 0 16.3453949815 -0.130848034488
SENSOR 0 10.574621914 -0.457350667369
SENSOR 0 8.6279667335 0.456927808105
ODOMETRY 0.0151164266029 0.193494186428 0
SENSOR 0 10.0072218217 -0.467500712374
SENSOR 0 9.57871711599 0.469076824487
ODOMETRY 0.00375408909662 0.264319882198 0
SENSOR 0 9.21265043111 -0.476005106007
SENSOR 0 9.2016718767 0.474632994534
ODOMETRY -0.0129281405262 0.202805324678 0
SENSOR 0 10.7576133438 0.677769779998
SENSOR 0 8.74745869177 -0.487156816177
SENSOR 0 9.55389366147 0.485365568588
ODOMETRY -0.0398590263587 0.207511445951 0
SENSOR 0 12.0618847222 -0.51522367487
SENSOR 0 10.30303453 -0.504990085075
SENSOR 0 8.91472041979 0.4874893049
ODOMETRY 0.0104106084718 0.212009433824 0
SENSOR 0 7.76059133132 -0.50572849686
SENSOR 0 8.26821024611 0.489110326468
ODOMETRY 0.000229606338914 0.287600417134 0
SENSOR 0 8.63241119162 -0.525951842716
SENSOR 0 7.37559669465 0.487266121226
ODOMETRY 0.00137274853429 0.217830209093 0
SENSOR 0 15.9318009809 -0.164934353342
SENSOR 0 16.9294606512 0.150959924601
SENSOR 0 8.10548182989 -0.539367817323
SENSOR 0 7.32322988009 0.495025327398
ODOMETRY -0.00632621063064 0.257614052644 0
SENSOR 0 7.55060299832 -0.553532219217
SENSOR 0 7.77896611441 0.511401431643
ODOMETRY 0.00344447777186 0.258073632331 0
SENSOR 0 8.37983937187 0.526672687447
SENSOR 0 7.575602711 -0.57047570435
SENSOR 0 15.1268642294 -0.16982257096
SENSOR 0 7.29115522873 0.516407101518
ODOMETRY 0.0016430137066 0.259422435816 0
SENSOR 0 7.49777315769 -0.589616291589
SENSOR 0 6.90233700664 0.521176878283
ODOMETRY 0.00295960319688 0.221415897841 0
SENSOR 0 7.1208734703 -0.603621356918
SENSOR 0 7.07764032986 0.53599892531
ODOMETRY 0.00392877310559 0.296588941233 0
SENSOR 0 7.39733394171 -0.620496240893
SENSOR 0 6.8504611644 0.546291113003
ODOMETRY 0.0121881595258 0.258660008471 0
SENSOR 0 7.16839052868 -0.629169545204
SENSOR 0 6.85693092339 0.559783435343
ODOMETRY -0.000259696552782 0.223304724922 0
SENSOR 0 7.19268125961 0.580619796575
ODOMETRY 0.000181396585596 0.296249894343 0
SENSOR 0 16.7596676139 -0.187393853593
SENSOR 0 14.5087855474 -0.196663902945
SENSOR 0 6.58206016305 0.593048824141
ODOMETRY 0.00266461220451 0.149482440479 0
SENSOR 0 16.5566159288 0.135973124992
SENSOR 0 6.94656557113 0.615352622941
ODOMETRY 0.00617969728798 0.297699512746 0
SENSOR 0 14.0256620766 0.129792870013
SENSOR 0 4.22249018141 0.554874425916
ODOMETRY -0.00200543176391 0.259624729132 0
ODOMETRY -0.00860768315476 0.25953805127 0
ODOMETRY -0.00183464363995 0.26041697356 0
SENSOR 0 15.2220366294 -0.146500082291
ODOMETRY 0.00521320937347 0.260017307221 0
ODOMETRY 0.0138304184156 0.259730629523 0
SENSOR 0 15.3148562794 -0.22768628023
ODOMETRY -0.00189108355764 0.260601227878 0
SENSOR 0 13.7561824056 -0.221061177926
SENSOR 0 14.9378956954 -0.228716946698
ODOMETRY 0.00237447494374 0.223015694653 0
ODOMETRY 0.000421585893189 0.297808663068 0
SENSOR 0 16.4237002312 -0.230731275784
ODOMETRY 0.00250273153799 0.300536187441 0
SENSOR 0 15.8810864549 -0.230122638623
SENSOR 0 16.2227921292 0.117171067073
ODOMETRY -0.000993099150963 0.264690385553 0
SENSOR 0 17.238833438 -0.235651166337
ODOMETRY 0.00979331294455 0.266187903148 0
SENSOR 0 13.1433878771 -0.211197739321
SENSOR 0 16.630845864 0.11488769799
ODOMETRY 0.00777737010064 0.268570289271 0
SENSOR 0 14.8417669077 0.112596607975
SENSOR 0 15.8363651792 -0.259715337248
ODOMETRY -0.00380655476723 0.230846269225 0
SENSOR 0 13.4335000458 -0.252581991878
ODOMETRY -0.00502572540423 0.270651066216 0
ODOMETRY 0.00450117414814 0.272523393769 0
SENSOR 0 14.5447958149 -0.260415145279
SENSOR 0 13.1160134559 -0.199340218074
ODOMETRY 0.0213962558395 0.272530732069 0
SENSOR 0 15.5324676156 -0.264788338863
SENSOR 0 12.9006510996 -0.200613618902
ODOMETRY 0.00113035304027 0.353831880988 0
SENSOR 0 17.3001078484 -0.270449363554
SENSOR 0 16.4717523357 0.102907805865
ODOMETRY 0.000801005223951 0.197585425009 0
SENSOR 0 15.0918252455 0.101265583978
ODOMETRY 0.00761406820177 0.319061122284 0
SENSOR 0 15.7552255425 0.100592366964
ODOMETRY 0.00194779607235 0.241364868959 0
SENSOR 0 16.6355834677 -0.287312054401
SENSOR 0 12.7765751651 -0.219838033348
ODOMETRY 0.000961426931065 0.323199628756 0
SENSOR 0 16.2592059011 0.0985181770268
SENSOR 0 13.195367958 -0.221434523341
ODOMETRY 0.00253254689588 0.241900806013 0
SENSOR 0 16.039670569 0.096941128519
SENSOR 0 13.3583865705 -0.229203548444
ODOMETRY 0.00206858081931 0.283778082388 0
SENSOR 0 14.4945193474 0.0950717084401
ODOMETRY -1.72644121221e-10 0.283778082356 0
SENSOR 0 15.1059359796 0.0946325605093
SENSOR 0 13.469593674 -0.238348055391
ODOMETRY 0.00502367743129 0.327580524772 0
SENSOR 0 11.0882276053 0.220879963818
ODOMETRY 0.00967481499227 0.286504799309 0
ODOMETRY 0.00290601418546 0.287057485573 0
SENSOR 0 12.5329518522 0.226813524268
ODOMETRY 0.000966184719788 0.288444101434 0
SENSOR 0 11.8936137575 0.224716565953
ODOMETRY -2.16333195802e-09 0.331710717794 0
SENSOR 0 9.4299545959 0.216736268028
ODOMETRY 0.0162354414568 0.290423828294 0
SENSOR 0 16.8944749824 0.0818947164727
SENSOR 0 10.4061685457 0.221548086458
ODOMETRY 0.00130661928808 0.332039154329 0
SENSOR 0 16.7111661469 0.0803779045275
SENSOR 0 11.4866718416 0.226524637128
ODOMETRY 0.00630837879629 0.290745593184 0
SENSOR 0 11.9917428592 0.22877333709
ODOMETRY 0.0111731126892 0.293061426908 0
SENSOR 0 13.0031018755 0.238309189165
SENSOR 0 16.6005001018 0.079048382443
ODOMETRY -0.00198552987552 0.293874122779 0
SENSOR 0 15.085180149 0.247783979682
ODOMETRY -0.00125048729362 0.253071136437 0
SENSOR 0 11.1461322425 0.237266648462
ODOMETRY -0.0004566813616 0.380711176293 0
SENSOR 0 14.4079448175 0.0660525620156
SENSOR 0 11.939599553 0.241265325546
ODOMETRY 0.00364267619752 0.341071839731 0
SENSOR 0 16.5446321691 0.0669305609553
SENSOR 0 13.6822609731 0.248687976752
ODOMETRY 0.00311213374979 0.298645274971 0
SENSOR 0 11.2519887828 0.243659149027
SENSOR 0 16.2008197077 -0.415134416348
SENSOR 0 12.4640363576 0.249348389895
ODOMETRY 0.00809220772052 0.300413048687 0
SENSOR 0 12.8784943399 0.257039063709
SENSOR 0 15.7085721935 0.0634278971138
SENSOR 0 11.3266170569 0.252816408741
ODOMETRY 0.00526503747149 0.34520283874 0
SENSOR 0 12.5026313514 0.260768093781
SENSOR 0 9.98983356463 0.255457708254
ODOMETRY 0.00537659946161 0.302800264659 0
SENSOR 0 10.267070617 0.256991182647
ODOMETRY -0.00132100217899 0.304999999935 0
SENSOR 0 10.9754810858 0.265104874637
SENSOR 0 9.1765366231 0.25521541984
ODOMETRY -0.00196206436103 0.30580058872 0
SENSOR 0 15.7838675142 0.0594337984736
SENSOR 0 11.8520541752 0.272815318172
ODOMETRY 0.00348413327341 0.262800304382 0
SENSOR 0 9.56133054892 0.26693491571
ODOMETRY 0.00303370777566 0.351203644836 0
SENSOR 0 16.8359049676 0.0538426160524
SENSOR 0 8.80478921578 0.272065030334
ODOMETRY 0.00191662606216 0.309006471888 0
SENSOR 0 16.4219521315 0.0520395288941
SENSOR 0 7.95531596765 0.27318348145
ODOMETRY -0.00118544313842 0.264803701001 0
SENSOR 0 15.2844908446 0.0509852213399
SENSOR 0 8.32375308571 0.285742604335
ODOMETRY 0.00721238971508 0.40003124863 0
SENSOR 0 18.3598399144 0.416318234682
SENSOR 0 8.66713988799 0.295722197186
ODOMETRY 0.00536918730292 0.268642885847 0
SENSOR 0 9.32713125112 0.309994321514
ODOMETRY 0.00381883041723 0.35968458391 0
SENSOR 0 8.13837608813 0.311222733282
SENSOR 0 16.6693560652 -0.680500479658
ODOMETRY 0.00113682231366 0.315482171132 0
SENSOR 0 7.64550449117 0.319198106838
ODOMETRY -0.0102462351467 0.31802515577 0
SENSOR 0 7.50158936785 0.33505868107
ODOMETRY 0.000570942484898 0.319427613441 0
SENSOR 0 7.53407833964 0.348109941585
ODOMETRY -0.00112104598182 0.365826461619 0
SENSOR 0 6.84409712034 0.355494568434
ODOMETRY -0.00329444830177 0.229008733497 0
SENSOR 0 6.33031468522 0.364702980984
ODOMETRY 0.00428810878531 0.368631251604 0
SENSOR 0 15.6679175783 0.0592412775449
SENSOR 0 7.45746168803 0.398262969461
ODOMETRY -0.000638243273773 0.32302476692 0
SENSOR 0 6.35270909589 0.40483459602
ODOMETRY -1.42735157027e-10 0.323024766885 0
SENSOR 0 6.40679152994 0.429382167759
ODOMETRY -0.0105325614502 0.324200555651 0
SENSOR 0 5.73999562605 0.453515446908
ODOMETRY -0.00615572263582 0.325203013479 0
SENSOR 0 16.3883543717 0.0735248091507
SENSOR 0 5.47962386021 0.475019917899
ODOMETRY -0.00182987464616 0.326006134223 0
SENSOR 0 15.971381026 0.0770702579178
SENSOR 0 5.17168169301 0.49762984355
ODOMETRY -0.00029588973783 0.373207717566 0
SENSOR 0 15.2998759074 0.0787196170188
SENSOR 0 4.9419274522 0.52467982416
ODOMETRY 0.00520828720741 0.32720024458 0
SENSOR 0 16.8573531379 0.0817281248501
SENSOR 0 4.93232175891 0.563681354861
ODOMETRY -0.00409660406852 0.37600531847 0
SENSOR 0 16.5109922503 0.0840542901301
ODOMETRY -0.00390704222662 0.28181199404 0
SENSOR 0 15.4664583593 0.0892449185939
ODOMETRY -0.0041388008459 0.329229403929 0
SENSOR 0 15.6022261514 0.0948499669379
ODOMETRY -0.00309666270471 0.37665103186 0
SENSOR 0 16.1465862812 -0.12388036195
SENSOR 0 15.6395680076 0.0976634813203
ODOMETRY -0.0074065421768 0.377107411802 0
SENSOR 0 15.682325602 0.101666769336
ODOMETRY 0.00266990883222 0.283063596689 0
SENSOR 0 14.7329083975 0.104825962353
ODOMETRY 0.0018184704032 0.330262017336 0
SENSOR 0 14.4931559737 0.110490016786
ODOMETRY -0.00176511872578 0.331074010096 0
SENSOR 0 14.4514344545 0.113095750335
ODOMETRY -0.00497911337302 0.283296664027 0
SENSOR 0 12.922967549 0.114539838255
ODOMETRY -0.00643256679769 0.37479861263 0
SENSOR 0 13.3284867309 0.118635975863
SENSOR 0 12.4062632339 0.11646704495
ODOMETRY 0.00254107248523 0.326547086931 0
SENSOR 0 13.3260754167 0.126776209661
ODOMETRY -0.00250833220571 0.325972391483 0
SENSOR 0 12.9668621856 0.129992216138
ODOMETRY -0.00730432114243 0.371694767144 0
SENSOR 0 12.0779153739 0.132142539703
ODOMETRY -0.00249746994355 0.231607426948 0
SENSOR 0 12.2806183822 0.139928086807
ODOMETRY -0.00287282441688 0.323130004775 0
SENSOR 0 11.1613019451 0.141282487476
ODOMETRY 0.00174754579712 0.368347661506 0
SENSOR 0 11.5262827593 0.149335822846
ODOMETRY -0.00199433040254 0.413827258767 0
SENSOR 0 11.7237907553 0.156209606807
ODOMETRY 0.00104616318187 0.274870878756 0
SENSOR 0 10.9109365087 0.158002730605
ODOMETRY -0.0042761987353 0.36583329563 0
SENSOR 0 11.1904476967 0.170982116497
ODOMETRY -0.00159681069086 0.31840226086 0
SENSOR 0 10.2998836831 0.173564848528
ODOMETRY -0.00369971774515 0.363329052107 0
SENSOR 0 17.0878580485 -0.423682842873
SENSOR 0 10.7384471054 0.183045511444
ODOMETRY -0.00519867098474 0.22659655799 0
SENSOR 0 10.07659674 0.187089791691
ODOMETRY 0.00367195471935 0.450693909433 0
SENSOR 0 9.46251899617 0.19748687635
ODOMETRY -0.0013708014838 0.404654173573 0
SENSOR 0 8.88199012237 0.199951447957
ODOMETRY -0.0048249060381 0.223825825052 0
SENSOR 0 17.3571277669 -0.440009271797
SENSOR 0 8.91503123043 0.210195364453
ODOMETRY -0.00156208821648 0.357515034354 0
SENSOR 0 8.29234539402 0.214147443192
ODOMETRY 0.00151901798073 0.311192866073 0
SENSOR 0 17.3074988076 -0.451591620076
SENSOR 0 8.12494339979 0.226964101989
ODOMETRY -0.00268955771291 0.310644491924 0
SENSOR 0 16.6594788142 -0.453053391697
SENSOR 0 7.97813612227 0.237305150405
ODOMETRY -0.00540759950311 0.309554518438 0
SENSOR 0 17.544478979 -0.460396398737
SENSOR 0 7.49943122085 0.242669877582
ODOMETRY 0.00175798265836 0.308715078675 0
SENSOR 0 11.9491360657 -0.649904902282
SENSOR 0 7.51410769103 0.254720219355
ODOMETRY -0.00095912748842 0.307332068293 0
SENSOR 0 16.5585148642 -0.466234774486
SENSOR 0 6.71650289349 0.25854851795
ODOMETRY -0.000160693427141 0.263229937416 0
SENSOR 0 16.0990914639 -0.472961458634
SENSOR 0 10.4951688667 -0.65467974306
SENSOR 0 6.62364749218 0.270161829488
ODOMETRY -0.00691786222285 0.349812807034 0
SENSOR 0 16.9968202418 -0.477419099796
SENSOR 0 6.70640112505 0.285014906273
ODOMETRY -0.000405033962098 0.303488055822 0
SENSOR 0 15.8613274358 -0.479755588609
SENSOR 0 6.4170080247 0.296042787025
ODOMETRY 1.487698853e-14 0.303488055822 0
SENSOR 0 17.4189377184 -0.48799689612
SENSOR 0 6.29782976371 0.308988843384
ODOMETRY 0.00389172298427 0.259082998549 0
SENSOR 0 16.9634350433 -0.493781019841
SENSOR 0 6.03976873034 0.322094460733
ODOMETRY 0.0363112469511 0.347028816624 0
SENSOR 0 16.2123188817 -0.49437648674
SENSOR 0 5.69902907259 0.334253736187
ODOMETRY -0.00268517354668 0.302630137939 0
SENSOR 0 16.0570638879 -0.503400110716
SENSOR 0 5.52113217645 0.360829716316
ODOMETRY -0.00459292748802 0.302887767978 0
SENSOR 0 15.6254672487 -0.510760046251
SENSOR 0 5.29231839474 0.377088219417
ODOMETRY 0.00734476067703 0.259370391126 0
SENSOR 0 16.3780778464 -0.511658239199
SENSOR 0 5.20177107022 0.400013997162
ODOMETRY -0.00695011539752 0.518683911708 0
SENSOR 0 16.2656175239 -0.52778527483
SENSOR 0 4.87288245369 0.428609415253
ODOMETRY -0.00125973452237 0.30149792688 0
SENSOR 0 16.1781515098 -0.529539466915
SENSOR 0 4.67996487812 0.451668607834
ODOMETRY -0.00541216042333 0.345028984565 0
SENSOR 0 15.6022173302 -0.536310991591
SENSOR 0 13.076647982 -0.549418571421
SENSOR 0 4.52016660633 0.481152746505
ODOMETRY -0.00348333015193 0.258768235932 0
SENSOR 0 4.13189726973 0.522884214753
ODOMETRY 0.0010769822095 0.344470607834 0
SENSOR 0 10.1801580417 0.680964639528
SENSOR 0 4.49154499355 0.576887620845
ODOMETRY 0.00748562583945 0.259059839163 0
SENSOR 0 13.8597759343 -0.563808851137
ODOMETRY -0.0066966254459 0.345858352115 0
SENSOR 0 15.0201635462 0.111787881702
SENSOR 0 8.61090015087 0.603776445613
ODOMETRY 0.00516445223079 0.302324329147 0
SENSOR 0 14.6694358117 -0.408091233119
SENSOR 0 15.3350673765 0.114868440608
SENSOR 0 8.4346726241 0.613601523199
ODOMETRY -0.00917405508678 0.302866307415 0
SENSOR 0 14.2737939476 -0.410798307731
SENSOR 0 15.3017913239 0.114826226318
ODOMETRY -0.0192460185272 0.302645006473 0
SENSOR 0 14.1583301231 0.114437571539
ODOMETRY -2.87022204581e-05 0.34536502448 0
SENSOR 0 12.9811171421 -0.621842679605
ODOMETRY 0.00214577684481 0.259082997765 0
ODOMETRY 0.00185682007376 0.345063762274 0
SENSOR 0 14.3870198465 0.129811998364
ODOMETRY -0.00218933715275 0.301802916376 0
SENSOR 0 14.4289412437 0.129108352115
ODOMETRY -0.00279359450858 0.301264003566 0
SENSOR 0 13.4882870602 0.130420324062
ODOMETRY -0.00457884363514 0.301572545087 0
SENSOR 0 13.2861854256 0.132807371909
ODOMETRY 1.15907283771e-13 0.301572545087 0
SENSOR 0 13.1534832828 -0.464391662091
SENSOR 0 12.5808960244 0.137741905361
ODOMETRY -0.00562758900082 0.300509567133 0
ODOMETRY 0.00281876219496 0.301039864362 0
SENSOR 0 12.0473686694 0.144454439579
ODOMETRY 0.00502945738117 0.343447230335 0
SENSOR 0 12.5634689079 0.147808808332
ODOMETRY -0.000445374959289 0.300727451923 0
SENSOR 0 11.4755493174 0.15375319578
ODOMETRY 0.00106995091015 0.214443465625 0
SENSOR 0 11.2166203389 0.15415948555
ODOMETRY -0.00463939426698 0.343758636436 0
SENSOR 0 12.7200662796 0.074829112324
SENSOR 0 12.4428535017 0.162512368983
ODOMETRY -0.0105986538523 0.298080525776 0
SENSOR 0 16.1132664604 0.0783480632288
SENSOR 0 13.3330297725 0.0771093343993
SENSOR 0 11.2118568232 0.161947045605
ODOMETRY -0.0090164787034 0.383985676757 0
SENSOR 0 17.491299178 -0.564396475435
SENSOR 0 11.7223883783 0.163175419587
ODOMETRY -0.00594814566301 0.297724705101 0
SENSOR 0 10.7235105903 0.171990374056
ODOMETRY -0.00170986182346 0.298584996461 0
SENSOR 0 10.2474734015 0.174307979405
SENSOR 0 16.6864364845 0.0855846508588
SENSOR 0 11.405404346 0.178720654432
ODOMETRY 0.00170986182354 0.297724705101 0
SENSOR 0 9.76488126306 0.179197584823
ODOMETRY 0.00864592665302 0.254848974373 0
SENSOR 0 15.5666902336 0.0879692234894
SENSOR 0 14.4896904312 -0.296678144788
SENSOR 0 9.75274164519 0.183738963093
SENSOR 0 12.9811814515 0.0804112106473
ODOMETRY -0.00576279204736 0.298236483389 0
SENSOR 0 15.3739285654 0.0877448659282
SENSOR 0 9.48070703156 0.186636626754
ODOMETRY -0.00130210872316 0.339911753567 0
SENSOR 0 9.67322840635 0.195212858315
ODOMETRY 0.00706490096591 0.254848974403 0
SENSOR 0 15.0000277111 0.0936116787992
SENSOR 0 9.72325177284 0.199974637968
ODOMETRY -0.00519641361919 0.296006757243 0
SENSOR 0 14.937974918 -0.235578219827
SENSOR 0 8.77377140218 0.199361104536
ODOMETRY -0.00289391397826 0.338540987327 0
SENSOR 0 16.557535125 0.0973257469526
SENSOR 0 8.77298155505 0.205036407984
SENSOR 0 15.9276889513 -0.236083723215
ODOMETRY -0.00173430906416 0.296354517338 0
SENSOR 0 15.8082044075 0.0965431153834
SENSOR 0 14.7859019975 -0.23694460052
SENSOR 0 8.85683075942 0.212233062588
ODOMETRY 0.000924773852893 0.211631755681 0
SENSOR 0 16.0399184022 -0.348750214437
SENSOR 0 8.7502099033 0.22100544882
SENSOR 0 13.7056926563 -0.237479927493
SENSOR 0 15.9896125036 0.0969064845435
ODOMETRY -0.000924773852883 0.296354517338 0
SENSOR 0 8.46088084997 0.227724732147
ODOMETRY -0.00231001607828 0.338892312773 0
SENSOR 0 8.80086123497 0.239823766811
SENSOR 0 14.7505416277 0.0981014489578
ODOMETRY -0.00569524112381 0.298435923111 0
SENSOR 0 15.6463319458 0.100307671054
SENSOR 0 11.0421350815 0.0923483767711
SENSOR 0 8.12248672272 0.240465874587
ODOMETRY -0.00129716847002 0.340978005078 0
SENSOR 0 16.5880738878 0.102701606616
SENSOR 0 8.346480276 0.25192120769
SENSOR 0 11.5904125428 0.0962508535784
ODOMETRY -0.00618398737014 0.298303536373 0
SENSOR 0 8.3050591464 0.259454513976
SENSOR 0 15.7668801685 0.104430000528
SENSOR 0 10.9158177432 0.0947880043422
ODOMETRY 0.00457948357311 0.297934556889 0
SENSOR 0 8.03343715849 0.268578876705
SENSOR 0 15.4140382684 0.104015414288
SENSOR 0 10.3930586107 0.0947115199966
ODOMETRY -0.006029459486 0.256628135855 0
SENSOR 0 14.6569694646 0.105731769159
SENSOR 0 7.34759388823 0.270667961625
ODOMETRY 0.0084630617226 0.300667590322 0
SENSOR 0 16.9539469653 0.113612857464
SENSOR 0 7.07260097837 0.284390378049
ODOMETRY -0.00268723092113 0.344075573466 0
SENSOR 0 16.3065017983 0.114241361116
SENSOR 0 6.87706451849 0.29386374318
ODOMETRY -0.00350416173299 0.301900645202 0
SENSOR 0 6.95590116209 0.311684665537
SENSOR 0 16.8427805029 0.116025326311
ODOMETRY 0.00311811256942 0.346307667299 0
SENSOR 0 16.28368071 0.116746655005
SENSOR 0 6.36112991071 0.316719525748
ODOMETRY 0.000833427671963 0.259855728883 0
SENSOR 0 12.5998703166 0.115741122408
SENSOR 0 15.1618328287 0.116779247313
SENSOR 0 6.06046851882 0.326448035388
ODOMETRY -0.00524987810989 0.260224902555 0
SENSOR 0 14.5066568261 -0.264857361587
SENSOR 0 5.87623588091 0.340271887349
ODOMETRY 0.000121151186784 0.348909730716 0
SENSOR 0 13.0452900538 0.112777786275
SENSOR 0 13.4093854668 -0.265246956268
SENSOR 0 5.79323654447 0.357186740946
ODOMETRY 0.00361280951917 0.30463092461 0
SENSOR 0 6.1038102821 0.382157856909
SENSOR 0 13.1255656715 -0.267688774335
SENSOR 0 14.9009333159 0.119246149346
SENSOR 0 11.2344884611 0.111220437339
ODOMETRY -0.00042789803383 0.306863161533 0
SENSOR 0 11.1188974655 0.112229130608
SENSOR 0 5.51289586375 0.393639586262
ODOMETRY -0.0141390203604 0.26321853997 0
SENSOR 0 14.1288579002 0.123294424656
SENSOR 0 11.0540165228 0.114700762782
SENSOR 0 5.28091099515 0.41243640318
ODOMETRY 0.00242453622554 0.307122125666 0
SENSOR 0 10.1120163983 0.197974034197
SENSOR 0 15.8873086721 0.128199928814
SENSOR 0 5.15746900713 0.435870794545
ODOMETRY -0.00205696167198 0.351411439809 0
SENSOR 0 15.6663969624 0.130640870075
SENSOR 0 4.58189082052 0.463585321832
ODOMETRY 0.00109705727768 0.264578910424 0
SENSOR 0 9.31679445754 0.14604214151
SENSOR 0 11.2606559268 0.122844690818
SENSOR 0 15.2378834299 0.133575716309
SENSOR 0 14.1402801109 0.1307581994
SENSOR 0 4.43046884757 0.492851453598
ODOMETRY 0.0018489023716 0.263706276394 0
SENSOR 0 10.3342755804 0.139955085549
SENSOR 0 13.6629922547 0.132443367515
SENSOR 0 4.25063879966 0.525000427417
ODOMETRY -0.00184890303767 0.352771881145 0
SENSOR 0 9.95763182223 0.143554840044
SENSOR 0 12.8554623604 0.695052260619
SENSOR 0 14.628403038 0.137874173722
SENSOR 0 13.4191331437 0.133904284019
ODOMETRY -0.000625850176093 0.307995129281 0
SENSOR 0 9.75187417164 0.142814935596
SENSOR 0 14.1273071722 0.143522540358
SENSOR 0 12.8976957942 0.134313349546
ODOMETRY -0.000752840379624 0.35364530285 0
SENSOR 0 9.52257774004 0.146748112183
SENSOR 0 13.1029128364 0.143094729739
ODOMETRY -0.000823948068148 0.30886890385 0
SENSOR 0 9.39044660078 0.145114453759
SENSOR 0 17.5564923814 -0.298535288527
SENSOR 0 14.2002822939 0.146388730508
SENSOR 0 13.1660241625 0.14513476021
ODOMETRY 0.00467414682132 0.353260527235 0
SENSOR 0 9.34068497843 0.154752814172
SENSOR 0 14.0063407141 0.149475783914
SENSOR 0 17.4110767144 -0.298278949348
SENSOR 0 15.6846615696 0.151894588244
ODOMETRY -0.000756439757504 0.396676190286 0
SENSOR 0 9.37959047688 0.157344481162
SENSOR 0 17.3647982353 -0.301639750659
SENSOR 0 15.5678220148 0.15461706348
SENSOR 0 13.7596647668 0.152701300078
ODOMETRY -0.00355180923168 0.265452443823 0
SENSOR 0 8.56815843758 0.159233622412
SENSOR 0 13.8709391132 0.160702623525
SENSOR 0 16.0861614665 0.164619737698
ODOMETRY -0.000641608880932 0.352285395823 0
SENSOR 0 8.85655371225 0.164534401543
SENSOR 0 14.5557457265 0.163747629597
ODOMETRY 0.00392799529294 0.265939842687 0
SENSOR 0 8.37486830081 0.16654340614
SENSOR 0 13.3743401629 0.163608481296
SENSOR 0 15.2105115541 0.16809870077
ODOMETRY -0.00104359594188 0.223396508736 0
SENSOR 0 8.65098804119 0.165850479178
SENSOR 0 14.7671882144 0.169988639999
ODOMETRY 0.00176286706022 0.355494022908 0
SENSOR 0 8.39570536883 0.178645151288
SENSOR 0 12.5535797917 0.174627236769
SENSOR 0 12.937357775 0.0788626782969
SENSOR 0 13.0426979174 -0.307761404653
ODOMETRY 0.000919399949805 0.312078515653 0
SENSOR 0 8.30133727108 0.180442396753
SENSOR 0 13.6505352977 0.179928981087
SENSOR 0 12.9546562997 -0.305169202532
ODOMETRY 0.00397308472114 0.356477207909 0
SENSOR 0 12.726820074 0.181782081097
SENSOR 0 12.9646812425 -0.306428100456
ODOMETRY -0.0024428649446 0.355984550675 0
SENSOR 0 7.9783538173 0.193439840051
SENSOR 0 11.4439055388 0.185318944639
SENSOR 0 12.4114400303 0.185728987839
SENSOR 0 13.0346384762 -0.307752541663
ODOMETRY 0.00162932789444 0.310336913299 0
SENSOR 0 7.82419996511 0.186440470737
SENSOR 0 17.4368605325 -0.335236524536
SENSOR 0 11.0522888337 0.18831624063
SENSOR 0 13.3964182392 -0.308139885987
ODOMETRY -0.00336333836764 0.267301328096 0
SENSOR 0 7.60184149308 0.201008757572
SENSOR 0 12.0033992376 0.194963250517
SENSOR 0 13.9020191443 -0.308621240798
ODOMETRY -0.00703553157743 0.398810732411 0
SENSOR 0 7.10748202808 0.210323465545
SENSOR 0 10.6655699432 0.196687078589
SENSOR 0 13.9057930814 0.707068491598
SENSOR 0 14.1785784124 -0.311367289223
ODOMETRY -0.00117857787498 0.31061873724 0
SENSOR 0 6.98565462225 0.212513223198
SENSOR 0 16.6799609986 0.0974969563122
SENSOR 0 10.1304261367 0.203252567489
SENSOR 0 13.4039380611 0.704407607508
SENSOR 0 13.7770333173 -0.308577800694
ODOMETRY 0.00281473699394 0.311102876777 0
SENSOR 0 14.4147821403 0.0949179382847
SENSOR 0 17.2017302474 -0.351901325328
SENSOR 0 10.8882534852 0.21102170827
SENSOR 0 14.3890897176 -0.312924501971
ODOMETRY 0.00595478113123 0.309845122213 0
SENSOR 0 6.70913204521 0.227396063506
SENSOR 0 14.8088726492 0.0953905183272
SENSOR 0 9.73973463237 0.214713120332
SENSOR 0 16.6703938789 -0.353513458366
SENSOR 0 12.6296634734 0.701235845338
SENSOR 0 14.9430800396 -0.313417406781
ODOMETRY -0.00157882751407 0.310716913527 0
SENSOR 0 16.5325509307 -0.355223492994
SENSOR 0 9.86366660232 0.220343792279
SENSOR 0 12.7019840161 0.701074975428
SENSOR 0 15.417237009 -0.320162947985
ODOMETRY -0.00214856361964 0.355005633405 0
SENSOR 0 17.7489606499 -0.35586779457
SENSOR 0 9.85938190854 0.231144896292
SENSOR 0 16.2925513564 -0.356766650395
SENSOR 0 12.3196061349 0.699849944557
ODOMETRY 0.00358128120401 0.265067915548 0
SENSOR 0 17.2422485119 -0.358954433769
SENSOR 0 10.1028519098 0.236686704947
SENSOR 0 14.2697198568 -0.317877130994
ODOMETRY 0.00185634372202 0.264196896664 0
SENSOR 0 16.8151345697 -0.364305139988
SENSOR 0 10.6664330171 0.249250969476
SENSOR 0 9.67838847719 0.242333663654
ODOMETRY -0.00237221805974 0.351027064348 0
SENSOR 0 9.3964170323 0.250426468965
SENSOR 0 14.1080123797 -0.310309688553
ODOMETRY -0.00181804517133 0.307122125694 0
SENSOR 0 17.7546869064 -0.372079277829
SENSOR 0 9.08629522469 0.26022598311
SENSOR 0 14.5828698634 -0.313234232802
ODOMETRY -0.00205696198211 0.351411439781 0
SENSOR 0 8.5701899828 0.268491145659
SENSOR 0 13.9808200628 -0.307546502912
ODOMETRY 0.00294596152164 0.263706275582 0
SENSOR 0 8.01453251808 0.270118679085
SENSOR 0 14.4853259546 -0.309452040167
ODOMETRY -0.00155778477308 0.350538158406 0
SENSOR 0 17.6290683158 -0.384494386448
SENSOR 0 14.8923565205 0.113985861792
SENSOR 0 8.05327275369 0.283874289626
ODOMETRY 0.00496672689191 0.351518135978 0
SENSOR 0 11.7390743311 0.11004023527
SENSOR 0 7.41833510449 0.288385979426
SENSOR 0 15.3285318368 0.714385773656
ODOMETRY 0.000139113975193 0.306740933007 0
SENSOR 0 14.8332233372 0.116524831438
SENSOR 0 7.57518094912 0.30915721516
ODOMETRY 1.65193636548e-10 0.306740933036 0
SENSOR 0 13.4829509432 0.114554823974
SENSOR 0 7.6089078109 0.320895990327
ODOMETRY -0.00284226229944 0.306249897964 0
SENSOR 0 14.5466297395 -0.412986197068
SENSOR 0 7.36700921366 0.333555587802
ODOMETRY -0.00845645778882 0.393859111639 0
SENSOR 0 6.66939752005 0.339029204018
ODOMETRY -0.0029585712238 0.218835554519 0
SENSOR 0 6.6239977893 0.35352777376
ODOMETRY 0.00277744423877 0.350442577345 0
SENSOR 0 6.10104341638 0.362156250359
SENSOR 0 13.9101203213 -0.307818892953
ODOMETRY -0.000207430874479 0.261375209473 0
SENSOR 0 15.1893466686 0.131149353159
SENSOR 0 6.05339898981 0.389009146205
ODOMETRY -0.000167615671006 0.388032215043 0
SENSOR 0 15.4877839643 0.132919586862
SENSOR 0 5.57421549712 0.400272518285
ODOMETRY 0.00237488964124 0.258265367221 0
SENSOR 0 5.39000680358 0.419712703731
ODOMETRY -0.00402337991268 0.345492402485 0
SENSOR 0 5.40615226848 0.443303529427
ODOMETRY -0.00221878210817 0.215244047754 0
SENSOR 0 5.16663817599 0.464914395627
ODOMETRY 0.00169178665054 0.302076149055 0
SENSOR 0 4.79499608561 0.483268901809
ODOMETRY -0.00456398568001 0.344535920017 0
SENSOR 0 15.2931250717 0.146279219302
SENSOR 0 4.63349993993 0.510470805725
ODOMETRY -0.00128839800206 0.387475160511 0
SENSOR 0 14.3591271332 0.14663496985
SENSOR 0 15.630657985 0.148182262153
SENSOR 0 4.51703770741 0.542351506456
ODOMETRY 0.00174931593805 0.258182106217 0
SENSOR 0 15.9096139458 0.150634709069
ODOMETRY 0.00569673594615 0.301199269159 0
SENSOR 0 13.3355348658 0.147812778425
ODOMETRY -0.000822138291954 0.343257920519 0
SENSOR 0 13.7537819272 0.151097838818
ODOMETRY -0.00161440808197 0.300455803734 0
SENSOR 0 14.5605723211 0.156355789717
ODOMETRY 0.000159561422497 0.300368041082 0
SENSOR 0 15.8074691779 0.16332969533
ODOMETRY -0.00156820759339 0.257303322747 0
SENSOR 0 14.2985415029 0.161936602366
ODOMETRY 0.00691102467452 0.301594446766 0
SENSOR 0 13.0209862783 0.160814944893
ODOMETRY 0.0123457746173 0.303116412935 0
SENSOR 0 10.4822990679 0.170287481623
SENSOR 0 14.5242489556 0.166102965841
ODOMETRY 0.0016162620814 0.346590262523 0
SENSOR 0 14.4041053221 0.168779426559
ODOMETRY 0.00223039509002 0.303092130934 0
ODOMETRY 0.000164418673684 0.303005428867 0
SENSOR 0 13.8400364014 0.177728027055
ODOMETRY -0.00286598010177 0.302508331122 0
SENSOR 0 13.7562202293 0.180036100004
ODOMETRY 0.00470090771399 0.346047814094 0
SENSOR 0 13.460573628 0.1835150524
ODOMETRY -0.000516182454714 0.30231210718 0
SENSOR 0 10.7445479738 -0.663885471874
ODOMETRY -0.00421635423261 0.344878601612 0
SENSOR 0 16.6794534543 0.201290676731
ODOMETRY 0.00237027155256 0.259096680895 0
SENSOR 0 14.9895195798 0.198999773182
ODOMETRY -0.00455985701262 0.301665858668 0
SENSOR 0 14.060780463 0.200952919481
ODOMETRY 0.00287762682373 0.302161032856 0
SENSOR 0 12.4225071306 0.200224297512
SENSOR 0 13.8369765679 0.204291557104
ODOMETRY -0.000904735120231 0.258252763693 0
SENSOR 0 12.6924575772 0.207456669613
ODOMETRY 0.00492316686536 0.388071140357 0
SENSOR 0 11.5393153278 0.209640870598
ODOMETRY 0.00177720633525 0.259249860047 0
SENSOR 0 11.5553968095 0.212925959551
ODOMETRY -0.00598088398682 0.346590262552 0
SENSOR 0 11.367919226 0.220317895061
ODOMETRY -0.00112606990382 0.302855757843 0
SENSOR 0 10.7205942794 0.222523986332
ODOMETRY -0.000953809118441 0.345834295329 0
SENSOR 0 10.1450579528 0.222688403852
ODOMETRY 0.0026531913934 0.346243050391 0
SENSOR 0 10.3188752919 0.230904682229
ODOMETRY 0.00226193565029 0.216553204141 0
SENSOR 0 11.53798994 0.240961225771
ODOMETRY -0.00667144537466 0.302274709716 0
SENSOR 0 10.6492358778 -0.650202844319
SENSOR 0 11.2676813264 0.244736473744
ODOMETRY -0.00160567544145 0.388581471309 0
SENSOR 0 10.9841990124 -0.622260916656
SENSOR 0 9.89227493484 0.249892789596
ODOMETRY 0.00258580871757 0.301752812262 0
SENSOR 0 10.767757639 -0.647766158377
SENSOR 0 11.6308463292 0.262465246756
ODOMETRY 0.000987373070454 0.25877405264 0
SENSOR 0 10.2778390648 0.265230267422
ODOMETRY 0.00696654792404 0.345528305197 0
SENSOR 0 13.4167006344 -0.543463108792
SENSOR 0 10.5331247724 -0.643453831382
SENSOR 0 9.14454140683 0.266558068725
ODOMETRY 0.000438880497283 0.301359652492 0
SENSOR 0 10.872154482 -0.653362334114
SENSOR 0 9.56110874418 -0.650583519196
SENSOR 0 8.77397367708 0.276074492414
ODOMETRY -0.0037038470292 0.301293361513 0
SENSOR 0 9.30074204305 0.288237019352
ODOMETRY 0.00138287302392 0.258489845412 0
SENSOR 0 12.0386403558 -0.571653039069
SENSOR 0 9.06268609211 0.294430558734
ODOMETRY -0.00522152530003 0.38623242976 0
SENSOR 0 8.98626145396 0.304331963683
ODOMETRY -0.00432118128042 0.256744405947 0
SENSOR 0 8.21484971132 0.305907849335
ODOMETRY 0.0029631940514 0.385129848202 0
SENSOR 0 7.64241277398 0.318124024661
ODOMETRY 0.000682994804264 0.342150917312 0
SENSOR 0 7.70359053037 0.328063591794
ODOMETRY 0.00485465199165 0.256951045592 0
SENSOR 0 15.8243834073 -0.655689674699
SENSOR 0 7.54425995076 0.338933440174
ODOMETRY 0.00381987995265 0.299127799551 0
SENSOR 0 7.09354355873 0.347335371868
ODOMETRY 0.000376462170459 0.342777259363 0
SENSOR 0 6.84538058939 0.357191491659
ODOMETRY -0.00477346737745 0.299407899292 0
SENSOR 0 6.57436905435 0.366416951453
ODOMETRY 0.00372722109237 0.299473938925 0
SENSOR 0 9.43598075198 -0.645882283065
SENSOR 0 16.2314541518 0.137324598109
SENSOR 0 6.50995460421 0.380087467832
ODOMETRY -0.00239444422547 0.298714261289 0
SENSOR 0 6.36069741995 0.403392854767
ODOMETRY 0.000167031815174 0.298627594117 0
SENSOR 0 5.7669394692 0.411026627014
ODOMETRY -0.00120536596736 0.341431120355 0
SENSOR 0 15.5487280399 0.148344676136
SENSOR 0 5.57985739199 0.426122959314
ODOMETRY 0.0010383341521 0.298714261289 0
SENSOR 0 16.917097397 0.15140125574
SENSOR 0 5.6063343639 0.449864796471
SENSOR 0 12.8005377382 0.646358567385
ODOMETRY 0.00534998944806 0.341653392069 0
SENSOR 0 16.6093415609 0.152364646014
SENSOR 0 5.3009429283 0.466453755914
ODOMETRY 0.0100952524035 0.298751669416 0
SENSOR 0 5.29076542805 0.492321316446
ODOMETRY -0.00287991644249 0.298240775184 0
SENSOR 0 4.72485170526 0.519839517476
ODOMETRY 0.00574997612041 0.299265032999 0
SENSOR 0 4.6306631322 0.549143635906
ODOMETRY 8.59882762307e-05 0.341968185806 0
SENSOR 0 15.166593963 0.162069394834
SENSOR 0 14.5419733541 0.704736036185
ODOMETRY -0.00668916967597 0.298671073297 0
ODOMETRY -0.000170345775991 0.298757158804 0
SENSOR 0 11.9579478321 0.66896706867
SENSOR 0 15.107437737 0.164851683187
ODOMETRY 0.00746212727526 0.298922130102 0
SENSOR 0 14.5047746516 0.165276407638
ODOMETRY 0.000603820912149 0.255961891684 0
SENSOR 0 15.5468958366 0.168173375142
ODOMETRY -0.00296599716837 0.34102535105 0
SENSOR 0 13.2100168872 0.169058298934
SENSOR 0 16.5509930408 0.168823682027
ODOMETRY 0.00316754027962 0.25587622021 0
SENSOR 0 16.7994130485 0.174277764058
ODOMETRY 0.00020167830287 0.255790559166 0
SENSOR 0 16.090948924 0.177703020539
ODOMETRY -0.000489554665368 0.298665045881 0
SENSOR 0 15.7602621014 0.178444870235
ODOMETRY -0.00356143345588 0.298494037194 0
SENSOR 0 12.0360043639 0.177442432057
ODOMETRY 0.00364776670711 0.255961891684 0
SENSOR 0 10.6592737866 0.178350675887
ODOMETRY -0.00206178119615 0.340510513979 0
SENSOR 0 10.3227921389 0.180796831787
SENSOR 0 12.4412373639 0.183794240098
ODOMETRY -0.000689337379252 0.255190124833 0
SENSOR 0 10.7680729255 0.18845877236
ODOMETRY 0.00151714453297 0.297292801842 0
SENSOR 0 10.7949205466 0.190991597466
ODOMETRY -0.000676839030427 0.340424735014 0
SENSOR 0 16.6651211683 0.0815922191153
SENSOR 0 10.6616215479 0.19425535855
ODOMETRY -0.00341776930055 0.297380833105 0
SENSOR 0 11.0526318481 0.201448865145
SENSOR 0 16.6326942664 -0.20728077158
SENSOR 0 15.8216601675 0.0847728867743
SENSOR 0 12.424730702 0.200030607424
ODOMETRY 0.00298005566628 0.255018509056 0
SENSOR 0 16.284361189 0.0825566599873
SENSOR 0 10.8797466354 0.205777991387
ODOMETRY -0.0044665916229 0.339314912393 0
SENSOR 0 10.9304705154 0.209691770442
ODOMETRY -0.00428205680855 0.254858862978 0
SENSOR 0 15.0539191871 -0.199964842399
SENSOR 0 11.7253307135 0.219030404094
ODOMETRY 0.00150588515664 0.297560011022 0
SENSOR 0 10.4666124131 0.221040310331
SENSOR 0 12.9509924394 0.228598285524
ODOMETRY 0.0010250255438 0.297043161359 0
SENSOR 0 15.2099906594 0.0959993388161
SENSOR 0 10.2663464118 0.225319437653
ODOMETRY 0.00458412731499 0.339654074773 0
SENSOR 0 8.5828099812 -0.138889926824
SENSOR 0 14.923887004 0.0969567181596
SENSOR 0 10.7169444635 0.235659002302
SENSOR 0 13.7687214998 -0.202108691981
ODOMETRY -0.00355553084891 0.296526625741 0
SENSOR 0 18.3221776465 -0.441295751251
SENSOR 0 13.1805822139 -0.203182130602
SENSOR 0 13.8071622373 0.252497575979
ODOMETRY -0.000343264423448 0.296698769926 0
SENSOR 0 11.6121236636 0.252455930456
ODOMETRY -0.00324801731261 0.296363560353 0
SENSOR 0 9.30128368445 0.24987035424
ODOMETRY 0.0018246787703 0.254083076724 0
SENSOR 0 9.59616833771 0.262665184972
SENSOR 0 15.2597935763 -0.20512243306
ODOMETRY -0.00745066332848 0.297242056154 0
SENSOR 0 8.82396681099 0.269077877864
SENSOR 0 15.0464757602 -0.205025363675
SENSOR 0 5.62479029426 0.233037223186
ODOMETRY -0.000505485400689 0.297501680913 0
SENSOR 0 17.0944248207 -0.209778737966
SENSOR 0 8.84372475841 0.275668577958
SENSOR 0 15.6757511314 -0.207693934354
ODOMETRY 0.00178497653118 0.25478636164 0
SENSOR 0 8.56508649388 0.285165179069
SENSOR 0 15.6799854115 -0.207783238085
ODOMETRY -0.00209180000723 0.339611542581 0
SENSOR 0 18.5658753999 -0.448773829701
SENSOR 0 8.72767492528 0.294901017272
ODOMETRY -0.00555239988109 0.33887533122 0
SENSOR 0 15.0284033801 -0.208899948259
SENSOR 0 8.47441625519 0.305138477679
ODOMETRY 0.000355509753868 0.296331385189 0
SENSOR 0 7.6750913568 0.319273253205
SENSOR 0 14.9303290797 -0.210142495865
ODOMETRY -0.0033417704905 0.253466467865 0
SENSOR 0 15.2614943047 -0.211559651043
SENSOR 0 7.49544785748 0.324925045365
ODOMETRY -0.000194498013372 0.253553465459 0
SENSOR 0 15.4456470228 -0.212893665165
SENSOR 0 7.08268950283 0.334189121145
ODOMETRY -0.00127394384989 0.380171014346 0
SENSOR 0 15.6859040084 -0.214263680156
SENSOR 0 6.64717843618 0.343842488472
ODOMETRY -0.000831202836345 0.337975383744 0
SENSOR 0 15.9970010019 -0.214359731278
SENSOR 0 6.60319182852 0.35945726834
ODOMETRY -0.000570695129837 0.295518611392 0
SENSOR 0 7.00345230289 0.384844470708
SENSOR 0 16.7705219289 -0.148110278061
SENSOR 0 16.1225921185 -0.21436103622
SENSOR 0 5.99957838696 0.366043180767
ODOMETRY -0.00243530301536 0.380726726192 0
SENSOR 0 16.6816451019 -0.146745603822
SENSOR 0 15.8595620645 -0.21426319936
SENSOR 0 6.31737760994 0.397658489977
ODOMETRY -0.00285814675469 0.211915171868 0
SENSOR 0 16.6388269147 -0.440076983889
SENSOR 0 15.2875019477 -0.145428006813
SENSOR 0 16.0609226416 -0.215602078129
SENSOR 0 6.22766359416 0.415782047999
ODOMETRY 0.00232061433959 0.297088353872 0
SENSOR 0 15.993670825 -0.440249419135
SENSOR 0 16.3153276586 -0.146683878705
SENSOR 0 15.3508865805 -0.215374924998
SENSOR 0 6.03659151496 0.433613250346
ODOMETRY -0.00206333661361 0.339318803066 0
SENSOR 0 16.1564785204 -0.146696415427
SENSOR 0 15.486511625 -0.216675091814
SENSOR 0 6.39008896353 0.46314081753
ODOMETRY -0.00433505950664 0.254935069903 0
SENSOR 0 15.9134125588 -0.145423615916
SENSOR 0 5.72583377073 0.474719945324
SENSOR 0 18.5497464525 -0.444396229409
SENSOR 0 15.4876013184 -0.215420281566
ODOMETRY -0.000283735413236 0.298614400074 0
SENSOR 0 15.3333297791 0.166659902101
SENSOR 0 16.6601730391 -0.145381916127
SENSOR 0 5.57025000292 0.498262733132
SENSOR 0 16.2000938513 -0.216921959462
SENSOR 0 16.517872342 -0.45424370751
ODOMETRY -0.00263416054836 0.341725094321 0
SENSOR 0 15.408903231 0.465424785845
SENSOR 0 14.7368274929 0.166772694291
SENSOR 0 16.1065945137 -0.145410058923
SENSOR 0 15.8320223758 -0.216806666345
SENSOR 0 17.5744750215 0.680704012041
SENSOR 0 5.15364151423 0.514911730682
ODOMETRY -0.0010279554065 0.256776478578 0
SENSOR 0 15.9566068961 -0.216864690862
SENSOR 0 5.26808607708 0.553297311976
ODOMETRY 0.00336825216431 0.300848732893 0
SENSOR 0 15.9130018018 -0.218144791447
SENSOR 0 16.8393190733 0.682878828679
ODOMETRY -0.00369367233551 0.344661805318 0
SENSOR 0 15.2339845497 -0.220456005769
SENSOR 0 18.8797964988 0.693542830194
ODOMETRY -0.00466531607944 0.259149782882 0
SENSOR 0 15.6684026307 -0.221881985115
SENSOR 0 13.1573518962 0.183218117546
SENSOR 0 20.2902894998 0.705218277312
SENSOR 0 7.86706033542 0.164775822712
ODOMETRY -0.000244086824417 0.303532271469 0
SENSOR 0 18.3415208577 -0.453824390254
SENSOR 0 16.8640629671 -0.141479849966
SENSOR 0 15.3086791553 -0.221771450163
SENSOR 0 17.7884106903 -0.66717248275
SENSOR 0 15.7251524514 -0.682077734913
ODOMETRY -0.00660043209062 0.260353606081 0
SENSOR 0 16.0306501878 -0.141510939839
SENSOR 0 15.4204578133 -0.224350538971
SENSOR 0 14.9891550051 0.706369253832
SENSOR 0 17.728911048 -0.673291147932
SENSOR 0 15.7397351601 -0.458346998096
ODOMETRY 0.00171978948804 0.348852992277 0
SENSOR 0 16.4154837096 -0.141525763745
SENSOR 0 15.8120582761 -0.225764003609
SENSOR 0 17.3052288307 -0.462532754511
SENSOR 0 13.2896995245 0.196910606934
SENSOR 0 19.156009797 -0.678046103022
SENSOR 0 8.94114099502 0.182770970608
ODOMETRY 0.00161328897386 0.262970739834 0
SENSOR 0 16.1374181767 -0.141508379669
SENSOR 0 15.8267231663 -0.229556077048
SENSOR 0 14.3173908202 0.201718385719
SENSOR 0 18.7246424992 -0.677599350189
SENSOR 0 8.7958925734 0.186921631658
ODOMETRY 0.000330742563683 0.351823875744 0
SENSOR 0 15.8941322303 -0.141502346374
SENSOR 0 15.6862109711 -0.23076851792
SENSOR 0 17.2574530328 -0.463876608211
SENSOR 0 14.571058966 -0.672163395637
ODOMETRY 0.000224946542464 0.353794587381 0
SENSOR 0 15.9785489288 -0.14150027992
SENSOR 0 16.3550938098 -0.233300164264
SENSOR 0 15.2733775707 0.21850928721
SENSOR 0 17.1013079726 -0.465942103556
SENSOR 0 10.909539535 0.206884037981
ODOMETRY -0.011589450319 0.311838997304 0
SENSOR 0 14.9666070793 0.541436353716
SENSOR 0 15.1406851845 0.217831674203
SENSOR 0 15.9099220272 -0.141501958185
SENSOR 0 15.3986418803 -0.23566351123
SENSOR 0 14.951838091 -0.46470322353
ODOMETRY -0.008626702256 0.312701071171 0
SENSOR 0 15.6559332382 -0.236853937719
SENSOR 0 14.9002119722 -0.465696428729
ODOMETRY 0.00298913717343 0.359043674562 0
SENSOR 0 13.8424566796 0.227813237596
SENSOR 0 15.9149668965 -0.239463173954
SENSOR 0 16.7284107641 -0.46942682119
ODOMETRY -7.41984480019e-05 0.31530342478 0
SENSOR 0 14.3099154666 0.23247312448
SENSOR 0 15.0663258804 -0.241819486666
SENSOR 0 18.1838762421 -0.472969430194
ODOMETRY -0.00337969500939 0.271108023001 0
SENSOR 0 13.2119709232 0.232863657753
SENSOR 0 17.9191767533 -0.476291088449
SENSOR 0 14.6286742689 -0.244124147982
SENSOR 0 15.7055770465 -0.472257471905
SENSOR 0 8.71296481246 0.215559765371
ODOMETRY 0.00127177474761 0.408946989001 0
SENSOR 0 14.799148804 -0.247940996792
ODOMETRY 0.00127363070579 0.22808989433 0
SENSOR 0 13.8079111157 0.24694774279
SENSOR 0 12.8536380432 0.245953131893
SENSOR 0 18.9773179223 -0.481790312035
SENSOR 0 15.659811924 -0.250731554584
ODOMETRY -0.000169725563352 0.320309241188 0
SENSOR 0 15.5188425881 -0.254324018902
SENSOR 0 13.5134031262 0.251818825472
ODOMETRY 0.000782406971884 0.322011257917 0
SENSOR 0 13.8917108076 0.261654090548
SENSOR 0 18.0378208999 -0.492706327488
SENSOR 0 16.9670971047 -0.258764843743
SENSOR 0 15.3594257713 0.265058085797
SENSOR 0 11.054489075 0.248318181455
ODOMETRY 0.000209863026415 0.324069267398 0
SENSOR 0 18.7195756554 -0.494509258303
SENSOR 0 16.46160359 -0.261097810898
SENSOR 0 16.9270002049 0.270562040865
ODOMETRY -0.00484586918219 0.324950826554 0
SENSOR 0 18.6645414922 -0.498537170294
SENSOR 0 16.3577673845 -0.147983046443
SENSOR 0 15.8374643108 -0.265691029511
ODOMETRY 8.65072253879e-05 0.373519223417 0
SENSOR 0 17.6490103027 -0.50030242646
SENSOR 0 12.3239217999 0.274461076235
SENSOR 0 16.6467136469 -0.268462895236
ODOMETRY 0.000935826368858 0.328709597935 0
SENSOR 0 15.3845668922 -0.268739854018
SENSOR 0 12.8966931357 0.279732612181
SENSOR 0 18.7112352127 -0.500776212598
SENSOR 0 17.3588316792 -0.272220050918
ODOMETRY -0.00363305589868 0.282193196516 0
SENSOR 0 15.5309218496 -0.270053877586
SENSOR 0 17.1679762511 -0.269191126906
SENSOR 0 18.9102987831 -0.502202197467
SENSOR 0 12.4358338258 0.290443791188
ODOMETRY 0.00402540853666 0.379157499991 0
SENSOR 0 16.7416045019 -0.150559540316
SENSOR 0 15.4973498809 -0.283091189752
SENSOR 0 13.771509315 0.297477161823
ODOMETRY -0.000619648442292 0.33327077585 0
SENSOR 0 15.0591589277 -0.284401791652
SENSOR 0 18.6038500728 -0.512887229908
SENSOR 0 10.7960378585 0.300526575995
SENSOR 0 11.81746714 0.308314471035
ODOMETRY -0.000187125279472 0.287027542433 0
SENSOR 0 10.4811954792 0.309631202721
SENSOR 0 15.2137139523 -0.28443773157
SENSOR 0 16.3455327828 -0.291435713792
SENSOR 0 18.097906515 -0.510936112117
SENSOR 0 11.5010558775 0.314376910295
ODOMETRY -0.00214742686782 0.432369992122 0
SENSOR 0 17.7204466334 -0.533110540085
SENSOR 0 14.9439254137 -0.297411156329
SENSOR 0 12.6570929313 0.325480025204
ODOMETRY -0.00501476317017 0.288900069648 0
SENSOR 0 14.6792491321 -0.297275700133
SENSOR 0 18.0915912512 -0.536482292389
SENSOR 0 10.7356504736 0.327162946122
ODOMETRY 0.00343171919184 0.387020011939 0
SENSOR 0 14.8440611808 -0.298755481851
SENSOR 0 18.7123455859 -0.545968210453
SENSOR 0 13.6159294014 0.695881372163
SENSOR 0 9.11303867172 0.326078121996
ODOMETRY 0.000105546599318 0.291316048631 0
SENSOR 0 17.250654843 -0.546681972509
SENSOR 0 14.5001736273 -0.313275087907
SENSOR 0 11.3301646131 0.34886570648
ODOMETRY 0.00182385276962 0.341227563017 0
SENSOR 0 13.033588097 -0.317717234253
SENSOR 0 9.83721793563 0.353822244391
SENSOR 0 17.9696043177 -0.525687642407
ODOMETRY -0.00115464381513 0.390866985416 0
SENSOR 0 12.7958025657 -0.322104648105
SENSOR 0 9.8948323325 0.3641552124
ODOMETRY 0.00204025381816 0.294181508071 0
SENSOR 0 9.22417157957 0.370481926347
SENSOR 0 14.1505237202 -0.329526625406
ODOMETRY -0.00690651829538 0.343102623003 0
SENSOR 0 13.9524823302 -0.329401402007
SENSOR 0 10.4958152483 0.391573079966
ODOMETRY 0.00195380498152 0.343996744136 0
SENSOR 0 12.3083163608 -0.343893910347
SENSOR 0 8.58360445284 0.401071521173
ODOMETRY 0.00377459008953 0.343642096259 0
SENSOR 0 12.5391342259 -0.35278263947
SENSOR 0 8.61456661554 0.41485517125
ODOMETRY 0.00300120083861 0.392306207215 0
SENSOR 0 11.4926914924 -0.359459982762
SENSOR 0 7.27577929396 0.415877560618
ODOMETRY 0.00290791634456 0.24544359812 0
SENSOR 0 16.5228401722 -0.221582909056
SENSOR 0 11.587295562 -0.365898448655
SENSOR 0 7.62508636529 0.436704202451
ODOMETRY -0.000406821117875 0.392582933635 0
SENSOR 0 17.3675380588 -0.600769677672
SENSOR 0 17.42631467 -0.300923881099
SENSOR 0 11.1935089665 -0.373289744143
SENSOR 0 7.2780281473 0.451571289029
ODOMETRY 0.00327623046836 0.294202243538 0
SENSOR 0 17.1276329638 -0.607381490178
SENSOR 0 16.1834138884 -0.302545191876
SENSOR 0 11.7013755903 -0.38551422375
SENSOR 0 7.27893156388 0.469936716981
ODOMETRY -0.00211217037578 0.391693196696 0
SENSOR 0 16.9641703941 -0.616613716453
SENSOR 0 10.8610236696 -0.390963933613
SENSOR 0 7.2363238504 0.487883589871
SENSOR 0 6.28132453989 0.481357816757
ODOMETRY -0.00222129815949 0.342847035152 0
SENSOR 0 16.4376385712 -0.618895697394
SENSOR 0 10.7273979791 -0.401384966666
SENSOR 0 7.34244343507 0.510379080042
ODOMETRY -0.00157078698298 0.293200767703 0
SENSOR 0 6.50576503882 0.520966463213
SENSOR 0 16.8158434232 -0.627198419501
SENSOR 0 15.5806888974 -0.316428354942
SENSOR 0 11.1558549919 -0.407062423831
ODOMETRY 0.002901402802 0.341956853976 0
SENSOR 0 16.4874104874 -0.631651255733
SENSOR 0 15.9785474488 -0.23666702035
SENSOR 0 10.462109751 -0.418827267739
SENSOR 0 6.36341151159 0.544298566752
ODOMETRY 0.00106948978159 0.341245146838 0
SENSOR 0 16.1769175911 -0.640103695199
SENSOR 0 16.2599798578 -0.349457674576
SENSOR 0 16.6168432262 -0.235730061572
SENSOR 0 10.4895239226 -0.430166302585
SENSOR 0 6.33263688861 0.571501929231
ODOMETRY 0.0031412261858 0.341348223255 0
SENSOR 0 16.1757321236 -0.649802435084
SENSOR 0 10.1365553348 -0.444578990864
SENSOR 0 15.4113582371 -0.349076581421
SENSOR 0 5.87176626735 0.613868560346
ODOMETRY 0.000708697440163 0.438586924863 0
SENSOR 0 16.8439415744 -0.659829663446
SENSOR 0 14.7096751243 -0.337955580047
SENSOR 0 10.1324894713 -0.456273241253
ODOMETRY 0.00153772353584 0.292249276518 0
SENSOR 0 16.2848467088 -0.663455784004
SENSOR 0 15.9957899865 -0.347463518323
SENSOR 0 13.0897334543 0.247074753777
SENSOR 0 10.0561719386 -0.46889053166
ODOMETRY -0.00197679757181 0.341170646876 0
SENSOR 0 16.4276784271 -0.357595488645
SENSOR 0 9.70430159099 -0.482210477307
ODOMETRY -0.00489427252605 0.291775753176 0
SENSOR 0 13.9654610645 -0.246952366796
SENSOR 0 16.0989848605 -0.363115178478
SENSOR 0 9.453897617 -0.495480400554
ODOMETRY 0.00459228218396 0.389204778697 0
SENSOR 0 14.7987519743 -0.248707241126
SENSOR 0 15.1438943653 -0.365802033066
SENSOR 0 8.96642014656 -0.512017141201
SENSOR 0 18.8338584093 -0.603610813616
ODOMETRY -0.00190033880264 0.34044494421 0
SENSOR 0 14.5600808296 -0.249715535418
SENSOR 0 14.7374078147 -0.368805252019
SENSOR 0 8.86542839119 -0.524738921493
ODOMETRY -0.00590271236747 0.339978837689 0
SENSOR 0 13.8146348952 0.263013471526
SENSOR 0 16.6498345601 -0.251951054837
SENSOR 0 14.8391198753 -0.373392941066
SENSOR 0 8.78417618278 -0.54020828551
ODOMETRY 0.00352341277306 0.291597753506 0
SENSOR 0 14.3254953299 0.266728438449
SENSOR 0 8.71212868812 -0.553325469769
SENSOR 0 14.6778202266 -0.375501816056
ODOMETRY 0.0035935126497 0.339645241124 0
SENSOR 0 14.5673334907 -0.389918031051
SENSOR 0 17.174542257 -0.220577705138
SENSOR 0 8.38128805384 -0.582234300755
ODOMETRY 0.00315525969327 0.339750923829 0
SENSOR 0 13.7410789916 0.282322177639
SENSOR 0 17.1875764041 -0.220469073229
SENSOR 0 9.05179311472 -0.600589146903
SENSOR 0 13.4078075089 -0.384834597539
SENSOR 0 8.08393312412 -0.602686061776
ODOMETRY -0.00309903474072 0.387501793699 0
SENSOR 0 14.2472012999 -0.404802491035
SENSOR 0 11.5567028376 -0.658938389576
SENSOR 0 15.2285104738 0.300306957626
SENSOR 0 13.0754361586 -0.384178574572
SENSOR 0 8.16360501275 -0.61902707068
ODOMETRY -0.00160822360976 0.290441457119 0
SENSOR 0 13.6607894266 -0.414723144079
SENSOR 0 12.8088362739 -0.265807338462
SENSOR 0 12.5951055544 0.291255474895
SENSOR 0 7.75328708371 -0.631602172565
ODOMETRY -0.000686749407041 0.387043459424 0
SENSOR 0 13.5854990697 -0.419989464975
SENSOR 0 20.7063926576 -0.624415488657
SENSOR 0 17.0130009033 -0.234485602962
SENSOR 0 15.8356345985 -0.387737192411
SENSOR 0 13.3812608885 0.297086698405
ODOMETRY 0.000844462095779 0.290352561727 0
SENSOR 0 13.750151368 -0.429938750568
ODOMETRY -0.000685094849594 0.338831359601 0
SENSOR 0 16.7953852694 -0.239529090146
SENSOR 0 11.1308663123 0.30355681824
ODOMETRY 0.00742605746457 0.387892975152 0
SENSOR 0 11.1168524551 0.309832630964
SENSOR 0 15.656390292 -0.245821725031
SENSOR 0 13.5096570119 -0.280275693388
SENSOR 0 15.5977346696 -0.401055711823
ODOMETRY 0.00192113598194 0.339240386279 0
SENSOR 0 12.8704185117 -0.455084603959
SENSOR 0 15.5961256913 -0.248259759127
SENSOR 0 12.2324027115 0.321476686751
ODOMETRY -0.00536763596355 0.338402260848 0
SENSOR 0 10.6486515215 0.322235174869
SENSOR 0 14.2992533921 -0.282687478725
SENSOR 0 16.6765539386 -0.252111459932
SENSOR 0 12.319937638 0.328956510388
ODOMETRY -0.00363127663595 0.336417612028 0
SENSOR 0 12.8302214912 -0.475163758484
SENSOR 0 13.0876932161 -0.284083833965
SENSOR 0 15.8100628241 -0.257996650029
SENSOR 0 10.6352404685 0.335710015336
ODOMETRY -0.00820059738139 0.381833484824 0
SENSOR 0 12.1475739004 -0.483428085018
SENSOR 0 17.1753581001 -0.397805322027
SENSOR 0 17.1698074879 -0.269689958899
SENSOR 0 10.0330800439 0.342845655632
ODOMETRY 0.00728919213224 0.286681007291 0
SENSOR 0 12.5666950604 -0.496266457893
SENSOR 0 15.8084278004 -0.26470079817
SENSOR 0 9.87100630266 0.35250864931
SENSOR 0 12.9061604022 0.366976078158
ODOMETRY 0.00263985300947 0.333115310592 0
SENSOR 0 12.1031606276 -0.502659384825
SENSOR 0 16.4143570543 -0.269427663121
SENSOR 0 17.673281664 -0.40096619194
SENSOR 0 11.7539655293 0.372884346666
ODOMETRY 9.1634553359e-05 0.330879449287 0
SENSOR 0 11.9978962788 -0.510954894015
SENSOR 0 17.1505248359 -0.271037699114
SENSOR 0 16.8897321576 -0.408819780236
SENSOR 0 10.8080062291 0.379264952341
ODOMETRY 0.000479608446004 0.42409027348 0
SENSOR 0 11.4131869532 -0.519469578133
SENSOR 0 17.3460657053 -0.270902865918
SENSOR 0 14.3171148456 -0.268805370644
SENSOR 0 16.0349469034 -0.409918625329
SENSOR 0 12.7757949183 0.400675556613
ODOMETRY 0.000108444666129 0.282667649517 0
SENSOR 0 11.0964395105 -0.529181856775
SENSOR 0 15.8799264624 -0.274059388651
SENSOR 0 11.4453843471 0.408761064809
ODOMETRY -0.00882730726682 0.280943695339 0
SENSOR 0 10.9639898364 -0.538661202818
SENSOR 0 14.5924641099 -0.275768140298
SENSOR 0 11.1115760655 0.421781700127
ODOMETRY -0.00277940386614 0.373692975709 0
SENSOR 0 10.7680827036 -0.547524248589
SENSOR 0 14.9826188981 -0.280768711196
SENSOR 0 15.063087358 -0.413530601283
SENSOR 0 9.20148518648 0.424084837027
ODOMETRY -0.00663281120359 0.279510733325 0
SENSOR 0 10.1953636392 -0.562436109589
SENSOR 0 13.5695609086 -0.280909914971
SENSOR 0 9.09270788713 0.446002043112
ODOMETRY -0.0016302834285 0.325666102175 0
SENSOR 0 10.004546689 -0.573388380827
SENSOR 0 13.7214654003 -0.282249045372
SENSOR 0 9.18720266372 0.462176795359
ODOMETRY -0.000790195262894 0.278619812657 0
SENSOR 0 9.55990913005 -0.582755162872
SENSOR 0 11.1398664939 -0.39888528124
SENSOR 0 12.6851307565 -0.284968497352
SENSOR 0 16.3652848905 -0.420259961038
SENSOR 0 9.09325402308 0.478558960862
ODOMETRY 0.00257154773459 0.371816136717 0
SENSOR 0 9.73689675545 -0.595793790822
SENSOR 0 14.0185747711 -0.286128987236
SENSOR 0 8.84854507416 0.495399187083
ODOMETRY -0.0026507577692 0.371552903286 0
SENSOR 0 9.62559995843 -0.608671050453
SENSOR 0 13.6939247536 -0.287041140319
SENSOR 0 8.17947927095 0.508224361448
ODOMETRY -0.00424743350436 0.278809057119 0
SENSOR 0 9.36811903505 -0.618313802012
SENSOR 0 13.5366827683 -0.288181053071
SENSOR 0 8.09691660096 0.527294323284
ODOMETRY -0.00808487558161 0.325360860609 0
SENSOR 0 12.8148425688 -0.289849557856
SENSOR 0 8.07267116587 0.548950502007
ODOMETRY 0.00122646258935 0.370886991443 0
SENSOR 0 17.0439799322 -0.289009839244
SENSOR 0 11.6240612299 -0.289254789872
SENSOR 0 7.66198557864 0.568054230009
ODOMETRY 0.00104913554266 0.370075248557 0
SENSOR 0 17.3757932385 0.255652258786
SENSOR 0 13.5188920338 -0.292859259363
SENSOR 0 7.2675180026 0.58653272648
ODOMETRY -0.000416875286363 0.324097655727 0
SENSOR 0 13.5811631877 -0.294069468492
SENSOR 0 7.15960620373 0.623331415595
ODOMETRY -0.00371344945025 0.324299244173 0
SENSOR 0 12.1636444803 -0.293769880469
ODOMETRY 0.00168947031981 0.371969944592 0
SENSOR 0 11.803199245 -0.295729349809
ODOMETRY -0.0119722742297 0.465056814504 0
SENSOR 0 10.969083146 -0.295825211084
ODOMETRY -0.00900917971056 0.279732014532 0
SENSOR 0 17.1038973221 -0.437640742243
SENSOR 0 11.0932956843 -0.302506879284
ODOMETRY -0.00945849879334 0.419909942599 0
SENSOR 0 13.4942905499 -0.211769261475
SENSOR 0 11.2724935216 -0.30868546279
SENSOR 0 18.3703805162 -0.440288809779
SENSOR 0 16.6149443756 0.303743019966
ODOMETRY 0.00401390598195 0.280692447474 0
SENSOR 0 12.4307846066 -0.31138537758
SENSOR 0 11.1932772932 -0.30267962449
SENSOR 0 16.6491883781 -0.440979708764
ODOMETRY 0.00065206842272 0.373708388382 0
SENSOR 0 17.928402555 -0.441037986643
SENSOR 0 10.4185819819 -0.320396987014
SENSOR 0 14.7087404468 -0.444384335125
ODOMETRY 0.00332765015775 0.280643902525 0
SENSOR 0 18.3849363993 -0.443649187386
SENSOR 0 9.7391406747 -0.324611025358
SENSOR 0 16.097536138 -0.446262255402
ODOMETRY 0.00114939189152 0.32861095584 0
SENSOR 0 15.1303757474 -0.297874790198
SENSOR 0 17.1617627567 -0.442945281335
SENSOR 0 10.878248419 -0.33038110693
SENSOR 0 14.3291253333 -0.68015792743
ODOMETRY -0.00771838038762 0.376451005951 0
SENSOR 0 13.8589276337 -0.298048353698
SENSOR 0 10.9285317266 -0.339991692719
SENSOR 0 15.4539238352 -0.446179439945
SENSOR 0 13.9582989454 -0.676689984579
ODOMETRY -0.00536698121615 0.283310854098 0
SENSOR 0 11.2205763667 -0.344249024587
SENSOR 0 13.9815675625 -0.300261697352
SENSOR 0 15.3582733486 -0.449891366649
SENSOR 0 15.0508544832 -0.683023115843
ODOMETRY -0.0117748144301 0.332448432206 0
SENSOR 0 15.2219474774 -0.301269927716
SENSOR 0 10.8383526748 -0.357865749288
SENSOR 0 15.5583323709 -0.452198718706
SENSOR 0 15.5365350612 -0.672304702316
ODOMETRY 0.0035707488338 0.380763916237 0
SENSOR 0 11.5831887341 -0.245725534595
SENSOR 0 10.706014655 -0.367989045736
SENSOR 0 15.84219146 -0.45683582625
ODOMETRY 0.00736715299679 0.286369149735 0
SENSOR 0 10.6591913935 -0.37033618207
SENSOR 0 15.0090467389 -0.31424490675
SENSOR 0 16.3810820505 -0.458691682124
ODOMETRY 0.00299427696364 0.381705501809 0
SENSOR 0 9.54682797199 -0.384526886076
SENSOR 0 10.7253048735 -0.392824569311
ODOMETRY 0.000204638947482 0.286768704564 0
SENSOR 0 11.5829737479 -0.260097729048
SENSOR 0 17.1112440204 -0.470098769718
SENSOR 0 16.496850648 -0.318973782337
SENSOR 0 10.1040046943 -0.400013195968
SENSOR 0 15.466221667 -0.333228010789
ODOMETRY -0.00405116962802 0.334754895113 0
SENSOR 0 10.6922376755 -0.268283390758
SENSOR 0 16.6154585729 -0.326341898608
SENSOR 0 13.1681972908 -0.434844049369
ODOMETRY -0.000533427085591 0.287286773113 0
SENSOR 0 10.0792778978 -0.276694327434
SENSOR 0 16.2706579752 -0.329515472841
SENSOR 0 12.4738251488 -0.451947164821
ODOMETRY 0.00217430655278 0.431282100782 0
SENSOR 0 10.2167265175 -0.287403673026
SENSOR 0 14.6598342795 -0.36024919116
SENSOR 0 11.1777525419 -0.24650310346
SENSOR 0 15.6234152572 -0.333441656919
SENSOR 0 12.1702869118 -0.455825290309
ODOMETRY -0.00245038048796 0.287470363388 0
SENSOR 0 9.64997337626 -0.294207922624
SENSOR 0 16.5018225017 -0.332602168349
SENSOR 0 9.78533588103 -0.460145033465
ODOMETRY -0.000413451594984 0.287745790671 0
SENSOR 0 9.45861322313 -0.305164970734
SENSOR 0 16.4368589699 -0.344782941489
SENSOR 0 8.91674447281 -0.467107465085
ODOMETRY -0.00285934560347 0.431958805634 0
SENSOR 0 9.04168294628 -0.312800879981
SENSOR 0 8.41366352204 -0.473119553726
SENSOR 0 15.5230464478 -0.347797229503
ODOMETRY 0.0023093076555 0.33613195321 0
SENSOR 0 8.77585065668 -0.329700096435
SENSOR 0 9.93164041261 -0.278674962375
SENSOR 0 7.87945601777 -0.501747646809
SENSOR 0 15.4454392669 -0.358573690777
ODOMETRY 0.000550037948 0.287745790671 0
SENSOR 0 11.1394759984 -0.396961260078
SENSOR 0 10.5457187839 -0.246883975508
SENSOR 0 7.77637652112 -0.517819282333
SENSOR 0 13.3365077544 -0.356145622404
SENSOR 0 12.5307212413 0.415551002244
SENSOR 0 14.8886962718 -0.368158704506
ODOMETRY 0.00496449758248 0.381797118866 0
SENSOR 0 8.26176275946 -0.352490495666
SENSOR 0 9.30671376212 -0.29438625549
SENSOR 0 12.0875405008 -0.444439629466
SENSOR 0 11.5559330325 -0.258140092007
SENSOR 0 13.301809396 -0.166089304081
SENSOR 0 16.1389273921 -0.369111874958
SENSOR 0 13.0168186916 0.426042866907
SENSOR 0 7.6961619966 -0.547800593497
SENSOR 0 9.61431366985 0.406063053518
ODOMETRY -0.0019115497235 0.28321915567 0
SENSOR 0 9.07687347961 -0.306248764619
SENSOR 0 7.21295007946 -0.557002506031
SENSOR 0 18.8343066283 -0.524577587463
SENSOR 0 10.8241779286 -0.370451738985
SENSOR 0 12.626178112 0.430555601447
ODOMETRY 0.00469051685207 0.376908490138 0
SENSOR 0 8.94600848689 -0.319303729652
SENSOR 0 7.99890576241 -0.376783145238
SENSOR 0 17.5556748472 -0.529372499858
SENSOR 0 15.3746795536 -0.380975647868
SENSOR 0 6.94827683271 -0.586103788667
SENSOR 0 12.9175320213 0.440840772915
SENSOR 0 17.1566412284 -0.399707388917
ODOMETRY -0.00108351121613 0.328122172445 0
SENSOR 0 7.88389519007 -0.394963030587
SENSOR 0 12.1387742458 -0.473860735951
SENSOR 0 9.77642979061 -0.278422691705
SENSOR 0 8.67399994108 -0.336183896415
SENSOR 0 12.9260991332 -0.395826227417
SENSOR 0 12.9039319757 -0.179958542428
SENSOR 0 16.426946401 -0.532716816596
SENSOR 0 15.1621985198 -0.390256099201
SENSOR 0 7.08530269027 -0.606187531058
SENSOR 0 13.5729524848 0.448144749595
ODOMETRY -0.00120214696828 0.326529953059 0
SENSOR 0 7.60748868516 -0.416340643076
SENSOR 0 8.48249547075 -0.343991348316
SENSOR 0 12.9371120949 -0.183704865304
SENSOR 0 17.1077501106 -0.377032752704
SENSOR 0 17.1592461845 -0.53959102772
ODOMETRY -0.00011625011332 0.279244766676 0
SENSOR 0 9.39878377865 -0.299257621757
SENSOR 0 7.17573016723 -0.429590383134
SENSOR 0 8.22924651536 -0.357833297266
SENSOR 0 17.6625128449 -0.55648900853
SENSOR 0 14.7519492003 -0.403891539382
ODOMETRY -0.00214006742631 0.370815317796 0
SENSOR 0 8.8529470074 -0.308914209866
SENSOR 0 9.35823875323 -0.421248486042
SENSOR 0 7.00238258252 -0.446873094868
SENSOR 0 8.08200725148 -0.37068656578
SENSOR 0 12.9432680514 -0.197430390685
SENSOR 0 15.5319943541 -0.410171182584
SENSOR 0 13.4703844589 0.471157010985
ODOMETRY 0.00401749186081 0.322740081344 0
SENSOR 0 6.53728758162 -0.477011253623
SENSOR 0 7.48425995937 -0.391610016682
SENSOR 0 10.6569624643 -0.449951045411
SENSOR 0 8.39310348318 -0.330775256023
SENSOR 0 15.0277441853 -0.421180458057
SENSOR 0 16.0666633502 -0.572624420031
SENSOR 0 12.3555504261 0.474697498262
ODOMETRY 0.00238416711858 0.321001947595 0
SENSOR 0 6.08220096943 -0.497363165758
SENSOR 0 7.06037048672 -0.407418775809
SENSOR 0 10.1234106884 -0.45783585665
SENSOR 0 8.15041792833 -0.342599520041
SENSOR 0 11.1828057142 -0.212508723771
SENSOR 0 15.8715308237 -0.577561103872
SENSOR 0 15.5047748927 -0.432869377078
SENSOR 0 13.7173439352 0.491755289136
ODOMETRY 0.00539546172813 0.31958293074 0
SENSOR 0 7.03559013976 -0.428809738326
SENSOR 0 5.91484201504 -0.522033943236
SENSOR 0 8.03746077263 -0.355675238505
SENSOR 0 14.4786823153 -0.581916253324
ODOMETRY 0.00232066514287 0.317941960608 0
SENSOR 0 5.40497161595 -0.541964488308
SENSOR 0 6.76101824583 -0.443222439675
SENSOR 0 10.2905982641 -0.227352233402
SENSOR 0 8.83059453056 -0.430889272742
SENSOR 0 16.2531962521 -0.595090589151
SENSOR 0 12.2601675144 0.501289304798
SENSOR 0 12.0567148686 0.699418942289
ODOMETRY 0.00438979301639 0.271621059124 0
SENSOR 0 6.37321559574 -0.464037370563
SENSOR 0 7.21809137682 -0.380076138213
SENSOR 0 9.01148585278 -0.445218737773
SENSOR 0 15.1795600803 -0.595333279055
SENSOR 0 16.4179780162 -0.454472337368
SENSOR 0 11.9166162594 0.510830589881
ODOMETRY -0.00121114286867 0.269932139627 0
SENSOR 0 6.31607116451 -0.487822800215
SENSOR 0 7.08199012595 -0.393831365474
SENSOR 0 8.53616167974 -0.457396514089
SENSOR 0 9.45033387429 -0.243355869999
SENSOR 0 12.175803697 0.521551796677
ODOMETRY 0.00303694367991 0.359126286845 0
SENSOR 0 6.14040167649 -0.512125684027
SENSOR 0 8.90715669122 -0.248088454716
SENSOR 0 11.7976755459 0.527854844689
ODOMETRY -0.00174685152716 0.31243048895 0
SENSOR 0 5.53958340653 -0.533193521045
SENSOR 0 6.50525678229 -0.434323755112
SENSOR 0 16.1907781604 0.712939341704
SENSOR 0 11.3478955466 0.532932883595
ODOMETRY -0.00866826206697 0.396869360648 0
SENSOR 0 5.2278814704 -0.563986115501
SENSOR 0 6.47032347124 -0.454566396292
SENSOR 0 9.21489379326 -0.274341212251
SENSOR 0 16.3004432234 -0.595792262476
SENSOR 0 11.4979367534 0.542922341093
ODOMETRY -0.000196571514806 0.306361045877 0
SENSOR 0 6.02389911906 -0.488996038745
SENSOR 0 8.40263160314 -0.286810280752
SENSOR 0 16.8432992951 0.300536465489
SENSOR 0 11.0546882134 0.554315297902
ODOMETRY 0.00243089939598 0.348581998256 0
SENSOR 0 5.60827241458 -0.510325386357
SENSOR 0 8.76349908936 -0.301112861524
SENSOR 0 11.3231677675 -0.321674729164
SENSOR 0 17.5593647464 0.302838238631
SENSOR 0 10.5730570634 0.561463735947
ODOMETRY 0.00528051605796 0.303582674252 0
SENSOR 0 5.27738492402 -0.536055351404
SENSOR 0 9.35374819577 -0.316609275852
SENSOR 0 10.9912961593 0.575869623372
ODOMETRY 0.00126812971601 0.172995057799 0
SENSOR 0 5.10021329889 -0.56403254223
SENSOR 0 10.5535560728 0.58230438759
ODOMETRY 0.00646033372305 0.345920453282 0
SENSOR 0 7.57237623669 -0.335728284427
SENSOR 0 10.6610476823 0.596482584313
ODOMETRY -0.00428479817304 0.344354236611 0
SENSOR 0 7.32421957657 -0.350283244883
SENSOR 0 17.5956101573 0.307968396926
SENSOR 0 9.8274568637 0.598572018142
ODOMETRY -0.000454726751045 0.342301036869 0
SENSOR 0 7.09716554477 -0.36529579314
SENSOR 0 11.4331855649 -0.577932972659
SENSOR 0 9.77087506304 0.60951357659
ODOMETRY 0.00768826990642 0.299010852842 0
SENSOR 0 7.01246374918 -0.380728480827
SENSOR 0 11.7101865028 -0.592658164756
SENSOR 0 9.77915171149 0.622130945536
ODOMETRY 0.00859929308443 0.256645592161 0
SENSOR 0 6.62618945556 -0.407084487849
SENSOR 0 9.78514249558 0.641417392704
ODOMETRY -0.00267975143452 0.255763191111 0
SENSOR 0 6.33380228782 -0.426897036903
SENSOR 0 9.16782482723 0.645886292732
ODOMETRY 0.00880559794461 0.340168546633 0
SENSOR 0 6.31464770973 -0.450861021798
SENSOR 0 9.42855101003 0.661185858363
ODOMETRY 0.00867033647986 0.338720002337 0
SENSOR 0 6.06348667547 -0.472658537542
SENSOR 0 15.994764134 0.403161838002
SENSOR 0 9.04032868603 0.67031760137
ODOMETRY 0.00354692386462 0.296234856323 0
SENSOR 0 14.2343486875 0.392011044414
SENSOR 0 9.15176906178 0.67069140366
ODOMETRY -0.00582625443977 0.25464532175 0
ODOMETRY 0.00923873342542 0.382730923169 0
SENSOR 0 13.8587083277 0.380240842376
ODOMETRY 0.0207765465702 0.297588239036 0
SENSOR 0 16.0830193927 0.390194723615
ODOMETRY 0.0143384488837 0.213227320389 0
SENSOR 0 15.5125411901 0.381300889472
ODOMETRY -0.00199349009356 0.382293094189 0
SENSOR 0 15.3526925438 -0.102050147725
SENSOR 0 16.1409814979 0.393064903261
ODOMETRY 0.0140865194035 0.255264568687 0
ODOMETRY 0.00884092958643 0.297242056125 0
SENSOR 0 16.4976674043 0.367070283441
ODOMETRY 0.0146931532396 0.340510513979 0
SENSOR 0 15.0800946922 -0.530036361352
SENSOR 0 15.9652403716 0.362862115714
ODOMETRY 0.000318159126408 0.254761163021 0
SENSOR 0 14.378687059 -0.54277460865
SENSOR 0 14.8654975871 0.354992917431
ODOMETRY 0.00396804461073 0.255020077635 0
SENSOR 0 16.5598061837 0.264537348754
ODOMETRY 0.00737264351668 0.339759267038 0
SENSOR 0 17.3054612354 0.363364895133
SENSOR 0 13.1314233033 0.250207739493
ODOMETRY 0.0148550970769 0.255361019674 0
SENSOR 0 16.2510144552 0.25401593911
SENSOR 0 16.8605996826 0.364144057779
ODOMETRY 0.00835985782543 0.340366699219 0
SENSOR 0 13.8932369221 -0.610743033157
SENSOR 0 14.2558412247 -0.170051729987
SENSOR 0 16.8897768258 0.338737117018
ODOMETRY 0.0115044504747 0.298290546064 0
SENSOR 0 16.9053007963 0.335395325078
SENSOR 0 14.4909384416 0.234627125057
ODOMETRY 0.0129376716037 0.340495873782 0
SENSOR 0 13.6046664635 -0.642640804131
SENSOR 0 16.5199768787 0.23186136441
SENSOR 0 15.7873674374 0.335063427519
ODOMETRY 0.0178879809255 0.212594825666 0
SENSOR 0 9.44351602182 -0.470347696005
SENSOR 0 15.1166633834 0.220770534382
SENSOR 0 9.78415367943 -0.201102804352
ODOMETRY 0.017549091655 0.382935451847 0
ODOMETRY 0.0058387151999 0.254401257788 0
SENSOR 0 9.2661339952 -0.510210195822
SENSOR 0 15.4287978374 0.304895076799
SENSOR 0 16.5259966792 0.209068005509
ODOMETRY 0.00288272660118 0.381800012918 0
SENSOR 0 9.05809124298 -0.540692321777
SENSOR 0 15.6013664433 0.202515073166
ODOMETRY 0.00575636764829 0.254803845911 0
SENSOR 0 16.6084686495 0.194947169241
ODOMETRY 0.00936459587603 0.297472838977 0
SENSOR 0 15.8691327661 0.283924424321
SENSOR 0 15.9045802245 0.185022554196
ODOMETRY 0.0159613886013 0.297901477398 0
SENSOR 0 16.0129908059 0.179910732155
ODOMETRY 0.0148459991239 0.29879149877 0
SENSOR 0 13.3174067949 -0.269604004492
SENSOR 0 15.2855716259 0.169828754095
SENSOR 0 15.525772252 -0.281023602722
ODOMETRY 0.00883213546022 0.255178859127 0
SENSOR 0 16.4884850032 0.166282382007
SENSOR 0 12.7477645514 -0.286076874029
ODOMETRY 0.019284386685 0.340767134313 0
SENSOR 0 14.7765940937 0.152160889612
SENSOR 0 11.7370254545 -0.298115921353
ODOMETRY 0.0133126932341 0.298210345819 0
SENSOR 0 16.140402107 0.147576001746
SENSOR 0 10.1719588473 0.683755961435
ODOMETRY 0.00721830190999 0.255696382398 0
SENSOR 0 14.7353701104 0.133929956995
SENSOR 0 12.0665983468 0.692685251091
ODOMETRY 0.00968656404822 0.298613462198 0
SENSOR 0 15.5169885214 0.124475736961
SENSOR 0 13.9084619581 0.706341920059
ODOMETRY 0.00777770950373 0.342819427495 0
SENSOR 0 13.451785043 0.108349330781
SENSOR 0 14.5970156966 0.214730088373
ODOMETRY -0.00516697819926 0.26257077183 0
SENSOR 0 13.2974965374 0.0963326805773
SENSOR 0 14.0736529708 -0.365885539716
ODOMETRY 0.0112386397018 0.305841396925 0
SENSOR 0 13.9577906751 0.0854890619159
ODOMETRY 0.0131473183424 0.350321508985 0
SENSOR 0 15.1194223398 0.0784944636445
SENSOR 0 12.6523017493 0.0743861578461
ODOMETRY 0.0151962765681 0.263328996314 0
SENSOR 0 10.1336351487 -0.146051504461
SENSOR 0 13.8079374757 0.0629059334182
ODOMETRY 0.0143693013936 0.306867088252 0
SENSOR 0 13.6172401603 0.0507596900512
ODOMETRY 0.0149689589805 0.262838828712 0
SENSOR 0 12.7280612368 0.0390698691594
ODOMETRY 0.0132186293344 0.350260817016 0
SENSOR 0 13.3548087308 0.0253597129745
ODOMETRY 0.0173802684324 0.30624310619 0
SENSOR 0 13.5146676981 0.0149132514913
SENSOR 0 13.2112283336 -0.199766769348
SENSOR 0 12.599425986 0.0100153635715
SENSOR 0 17.445970649 -0.4660236567
ODOMETRY 0.0217567499015 0.30709980485 0
SENSOR 0 12.0801020184 -0.00111937263012
ODOMETRY 0.0106757360619 0.306973956604 0
SENSOR 0 13.1662944871 -0.0105693645505
SENSOR 0 12.2613243355 -0.014078667338
SENSOR 0 14.5257945949 -0.488954638865
ODOMETRY 0.007111927694 0.306482642133 0
SENSOR 0 11.3256885906 -0.0319965712262
ODOMETRY 0.0119812200788 0.352020240591 0
SENSOR 0 12.9078719262 -0.0462133371041
SENSOR 0 11.6520813738 -0.0500352951419
SENSOR 0 8.50042907248 -0.055233167187
ODOMETRY 0.0128944370548 0.30808701688 0
SENSOR 0 12.1779261493 -0.0610729667469
SENSOR 0 11.1197368376 -0.06606155254
ODOMETRY 0.0165724295062 0.264341465327 0
SENSOR 0 12.7597598473 -0.0776797718411
SENSOR 0 13.8624405545 -0.293509684358
SENSOR 0 11.0543505218 -0.0804202071657
ODOMETRY 0.00269801836622 0.3583865092 0
SENSOR 0 12.8490194237 -0.0937922042146
ODOMETRY 0.00900558234141 0.313995477298 0
SENSOR 0 15.8701347005 -0.32338938904
SENSOR 0 11.5100267176 -0.10858781471
ODOMETRY 0.0180026904749 0.314871799696 0
SENSOR 0 15.6294297371 -0.336358421154
SENSOR 0 11.9394782293 -0.122656764311
ODOMETRY 0.0194814939273 0.269751904448 0
SENSOR 0 11.8609386397 -0.140701597558
ODOMETRY 0.0179322021806 0.315382307744 0
SENSOR 0 12.3559692253 -0.152638336057
SENSOR 0 19.68773367 -0.588614415633
SENSOR 0 16.0472299184 -0.643306792682
SENSOR 0 16.3052383224 -0.369863178756
SENSOR 0 11.0876411508 -0.165530763242
ODOMETRY 0.0108115254893 0.314397455114 0
SENSOR 0 11.3587981761 -0.176340545424
ODOMETRY 0.0070825319285 0.314185231956 0
SENSOR 0 10.9905489813 -0.188938706023
SENSOR 0 15.4754710761 0.191125386829
ODOMETRY 0.00934484181537 0.270268551699 0
SENSOR 0 11.2635271704 -0.210123830689
SENSOR 0 12.5658050556 -0.0491776601056
SENSOR 0 16.8370142438 -0.380032538388
ODOMETRY 0.010564839116 0.315064263237 0
SENSOR 0 10.44045211 -0.229076212937
SENSOR 0 11.1743527552 -0.064444904595
SENSOR 0 18.0286856587 -0.397771942082
SENSOR 0 12.6721807627 -0.0650782983036
ODOMETRY 0.0197797017342 0.360893904272 0
SENSOR 0 10.2141963988 -0.246896794695
SENSOR 0 15.8837697174 0.15544040011
SENSOR 0 11.2386353192 -0.0813336653117
SENSOR 0 11.1886095193 -0.255545553347
ODOMETRY 0.0158570202913 0.271142047681 0
SENSOR 0 12.0240799748 -0.098994232882
SENSOR 0 10.009941616 -0.268852024747
ODOMETRY 0.0147657838384 0.316474722537 0
SENSOR 0 15.9785538381 -0.453844364759
SENSOR 0 9.66137372168 -0.114133241664
SENSOR 0 9.58748094038 -0.290014263022
ODOMETRY 0.0165998140894 0.272311237265 0
SENSOR 0 11.0794480486 -0.134060512453
SENSOR 0 12.5709249731 -0.158272930617
SENSOR 0 9.29762981506 -0.320197211812
ODOMETRY 0.0116405614728 0.317529526068 0
SENSOR 0 17.2399281323 -0.49867859195
SENSOR 0 11.1875688187 -0.150608031869
SENSOR 0 12.214610467 -0.167255455278
SENSOR 0 8.62180369735 -0.340450097121
ODOMETRY 0.0208340346093 0.317689801694 0
SENSOR 0 11.3436978976 -0.167973480343
SENSOR 0 15.6569577076 0.0931362612017
SENSOR 0 8.5875813056 -0.36757151306
SENSOR 0 12.7008517825 -0.190465222889
SENSOR 0 13.5077419653 -0.529764152709
ODOMETRY 0.0271529586689 0.317107237418 0
SENSOR 0 18.782876565 -0.538798976996
SENSOR 0 11.1574979384 -0.185681373487
SENSOR 0 9.14218358124 -0.393542983124
ODOMETRY 0.0134892844122 0.273038476924 0
SENSOR 0 8.55939068373 -0.407908904187
SENSOR 0 10.3321266976 -0.202390326651
SENSOR 0 17.5287343276 -0.560272969554
SENSOR 0 14.2021335697 -0.557804475211
SENSOR 0 13.1741359123 0.546964507277
ODOMETRY 0.00469323509981 0.31792609214 0
SENSOR 0 8.20719766017 -0.430501871564
SENSOR 0 10.6513351161 -0.22669710651
ODOMETRY 0.00959022829275 0.273603527211 0
SENSOR 0 16.76496327 -0.598176877917
SENSOR 0 10.474759213 -0.244104138256
SENSOR 0 7.81263793965 -0.468338023708
ODOMETRY 0.0121807276417 0.274439811114 0
SENSOR 0 9.44542913847 -0.260899221797
SENSOR 0 7.95517786438 -0.498535942352
ODOMETRY 0.00874126177105 0.365414408669 0
SENSOR 0 7.41799439444 -0.516355525103
SENSOR 0 9.16905574968 -0.278757965907
SENSOR 0 10.8759299504 -0.308577068987
ODOMETRY 0.00859328117462 0.273720002964 0
SENSOR 0 7.85896064938 -0.301503927805
SENSOR 0 10.8346231427 -0.280283837478
SENSOR 0 14.9566041463 0.00560814074451
SENSOR 0 9.4500959186 -0.2176609179
SENSOR 0 7.35525344614 -0.554107295781
ODOMETRY 0.017056145039 0.275234608808 0
SENSOR 0 8.98880801281 -0.321617178087
SENSOR 0 7.2509508948 -0.582899688723
ODOMETRY 0.0198480579919 0.36699216611 0
SENSOR 0 7.02618450591 -0.61458006331
SENSOR 0 13.7647230958 -0.02067665342
SENSOR 0 8.34319963202 -0.340307216905
SENSOR 0 11.4036887831 0.696709672389
ODOMETRY 0.0187887387286 0.274927281245 0
SENSOR 0 15.2994780683 -0.0330077312724
SENSOR 0 6.6477338161 -0.624396898498
SENSOR 0 9.09718074382 -0.272562436367
SENSOR 0 7.96213082111 -0.366468686495
ODOMETRY 0.0176380538699 0.320297377638 0
SENSOR 0 14.2096904147 -0.0456476271092
SENSOR 0 12.7905927187 -0.248476545752
SENSOR 0 7.58756983654 -0.389065487784
ODOMETRY 0.0148890522784 0.321048672247 0
SENSOR 0 7.82970031181 -0.409782760277
SENSOR 0 13.4835072785 -0.0619371447871
SENSOR 0 9.36360712628 -0.312884357743
ODOMETRY 0.00803555432841 0.273860931866 0
SENSOR 0 7.75466155467 -0.436380657808
SENSOR 0 9.71089668662 -0.341582771633
SENSOR 0 12.8618815227 -0.0754232003726
ODOMETRY 0.00494159882098 0.319957247266 0
SENSOR 0 16.2646227508 -0.0991068554721
SENSOR 0 14.1508212726 -0.0976618491315
SENSOR 0 7.66015772195 -0.464292829144
ODOMETRY 0.000826910573614 0.325049288507 0
SENSOR 0 7.31639038763 -0.384236916659
SENSOR 0 13.648905238 -0.107926911831
ODOMETRY -0.00769748178863 0.286406773715 0
SENSOR 0 16.010354618 -0.132109405794
SENSOR 0 14.0763624979 -0.124820235832
SENSOR 0 7.19952278577 -0.522518310719
ODOMETRY 0.0171098682959 0.286195737199 0
SENSOR 0 13.9386601154 -0.139248594207
SENSOR 0 7.06760354439 -0.551805180149
SENSOR 0 7.89926726233 -0.429194791604
ODOMETRY 0.0136463827232 0.380702193146 0
SENSOR 0 6.94293632225 -0.586396636957
ODOMETRY 0.0147121038794 0.284337985515 0
SENSOR 0 13.9319368319 -0.177460317375
SENSOR 0 12.8081766319 -0.168970754541
ODOMETRY 0.0185680584651 0.33216515485 0
SENSOR 0 14.9551518522 -0.1955829735
SENSOR 0 13.4746391895 -0.181918425176
ODOMETRY 0.0139805147782 0.330276308536 0
SENSOR 0 14.5128144148 -0.212075765805
SENSOR 0 12.2141092587 -0.199302251487
ODOMETRY 0.00521774774929 0.282250668722 0
SENSOR 0 12.4496592784 -0.220256440369
ODOMETRY 0.00722585968459 0.282914492336 0
SENSOR 0 12.1595161214 -0.234680900385
ODOMETRY 0.0142373837817 0.376356759034 0
SENSOR 0 12.203337931 -0.250382823714
ODOMETRY 0.012366391667 0.281754307756 0
SENSOR 0 12.5957792807 -0.269220699057
SENSOR 0 11.6159120153 -0.259601071509
ODOMETRY 0.00627965102796 0.32792482375 0
SENSOR 0 12.4180509861 -0.287161614784
SENSOR 0 11.4603689849 -0.281034358588
ODOMETRY 0.0096835885651 0.327513740196 0
SENSOR 0 13.2876692811 -0.299871301937
ODOMETRY 0.0129242706245 0.279723077281 0
SENSOR 0 12.3652054918 -0.319962993731
ODOMETRY 0.0107722193295 0.325635931751 0
SENSOR 0 12.6941180064 -0.335465826309
SENSOR 0 14.6892486459 -0.586443423658
SENSOR 0 11.1778035983 -0.3219500132
ODOMETRY 0.0299907895364 0.321794592851 0
SENSOR 0 12.7903219758 -0.35723437996
SENSOR 0 11.3527508299 -0.344019479263
ODOMETRY 0.0639220444681 0.267005411922 0
SENSOR 0 11.7917368388 -0.367969926049
SENSOR 0 14.5580690998 -0.619220198484
ODOMETRY 0.00636695481088 0.311999999976 0
SENSOR 0 11.4809165702 -0.382864482762
SENSOR 0 14.1099141208 -0.635169280464
SENSOR 0 13.9563153544 -0.419912732804
SENSOR 0 9.83906690556 -0.373091174699
ODOMETRY 0.00737166075661 0.312008477482 0
SENSOR 0 12.0341243865 -0.40135547484
SENSOR 0 10.946022551 -0.392342213427
ODOMETRY 0.00954401814487 0.266038061187 0
SENSOR 0 11.3020945958 -0.416846621711
ODOMETRY 0.010044079164 0.267097060999 0
SENSOR 0 11.7827856511 -0.433825001383
SENSOR 0 10.4900952984 -0.433099327111
ODOMETRY 0.00689826839272 0.310177771633 0
SENSOR 0 10.6733286517 -0.448390530995
ODOMETRY 0.00105735420772 0.355216497326 0
SENSOR 0 10.1243302861 -0.464593490094
ODOMETRY -8.78401769677e-05 0.221134099605 0
SENSOR 0 10.4838323873 -0.48064813663
ODOMETRY 0.00187912928195 0.354238620144 0
SENSOR 0 9.90361913198 -0.494822917841
ODOMETRY 0.00304510508585 0.264208724326 0
SENSOR 0 9.49032272719 -0.50453634719
ODOMETRY 0.00132542898276 0.309260876875 0
SENSOR 0 9.48228163187 -0.522832904321
SENSOR 0 12.2563429999 -0.217556552894
ODOMETRY 0.0057939817589 0.307337534379 0
SENSOR 0 9.44666652167 -0.53886143194
SENSOR 0 13.6330407243 -0.625745601326
